0 12:22:35 0 0 9090 0.004400 0 0.005901 0 0 0 0 0.000000 0 0.000000 0 0 0 0 0.000000 0 0.000000 0 0 0 0 0.000000 0 0.000000 0 0 0 3617 0.006050 0 0.004880 0 0 0 0 0.000000 0 0.000000 0 0 0 0 0.000000 0 0.000000 0 0 0 0 0.000000 0 0.000000 0 0 0 4244 0.005515 0 0.004706 0 0 0 0 0.000000 0 0.000000 0 0 0 0 0.000000 0 0.000000 0 0 0 0 0.000000 0 0.000000 0 
20364 18:1:59 0 0 9090 0.004400 0 0.005901 0 0 0 0 0.000000 0 0.000000 0 0 0 0 0.000000 0 0.000000 0 0 0 0 0.000000 0 0.000000 0 0 0 3617 0.006050 0 0.004880 0 0 0 0 0.000000 0 0.000000 0 0 0 0 0.000000 0 0.000000 0 0 0 0 0.000000 0 0.000000 0 0 0 4244 0.005515 0 0.004706 0 0 0 0 0.000000 0 0.000000 0 0 0 0 0.000000 0 0.000000 0 0 0 0 0.000000 0 0.000000 0 
63499 6:0:54 1 38 9090 0.004400 0 0.005901 0 0 0 0 0.000000 0 0.000000 0 0 0 0 0.000000 0 0.000000 0 0 0 0 0.000000 0 0.000000 0 1 27 3617 0.006050 0 0.004880 0 0 0 0 0.000000 0 0.000000 0 0 0 0 0.000000 0 0.000000 0 0 0 0 0.000000 0 0.000000 0 1 34 4244 0.005515 0 0.004706 0 0 0 0 0.000000 0 0.000000 0 0 0 0 0.000000 0 0.000000 0 0 0 0 0.000000 0 0.000000 0 
71969 8:22:4 0 38 8831 0.004529 7366 0.005430 -1104 0 0 0 0.000000 0 0.000000 0 0 0 0 0.000000 0 0.000000 0 0 0 0 0.000000 0 0.000000 0 0 27 3513 0.006751 4959 0.006050 1114 0 0 0 0.000000 0 0.000000 0 0 0 0 0.000000 0 0.000000 0 0 0 0 0.000000 0 0.000000 0 0 34 4123 0.004800 6953 0.004315 -1097 0 0 0 0.000000 0 0.000000 0 0 0 0 0.000000 0 0.000000 0 0 0 0 0.000000 0 0.000000 0 
71969 8:22:4 0 38 8831 0.004529 7366 0.005430 -1104 0 0 0 0.000000 0 0.000000 0 0 0 0 0.000000 0 0.000000 0 0 0 0 0.000000 0 0.000000 0 0 27 3513 0.006751 4959 0.006050 1114 0 0 0 0.000000 0 0.000000 0 0 0 0 0.000000 0 0.000000 0 0 0 0 0.000000 0 0.000000 0 0 34 4123 0.004800 6953 0.004315 -1097 0 0 0 0.000000 0 0.000000 0 0 0 0 0.000000 0 0.000000 0 0 0 0 0.000000 0 0.000000 0 
106761 18:1:56 0 38 8831 0.004529 7366 0.005430 -1104 0 0 0 0.000000 0 0.000000 0 0 0 0 0.000000 0 0.000000 0 0 0 0 0.000000 0 0.000000 0 0 27 3513 0.006751 4959 0.006050 1114 0 0 0 0.000000 0 0.000000 0 0 0 0 0.000000 0 0.000000 0 0 0 0 0.000000 0 0.000000 0 0 34 4123 0.004800 6953 0.004315 -1097 0 0 0 0.000000 0 0.000000 0 0 0 0 0.000000 0 0.000000 0 0 0 0 0.000000 0 0.000000 0 
149902 6:0:57 1 38 8831 0.004529 7366 0.005430 -1104 0 0 0 0.000000 0 0.000000 0 0 0 0 0.000000 0 0.000000 0 0 0 0 0.000000 0 0.000000 0 1 26 3513 0.006751 4959 0.006050 1114 0 0 0 0.000000 0 0.000000 0 0 0 0 0.000000 0 0.000000 0 0 0 0 0.000000 0 0.000000 0 1 10 4123 0.004800 6953 0.004315 -1097 0 0 0 0.000000 0 0.000000 0 0 0 0 0.000000 0 0.000000 0 0 0 0 0.000000 0 0.000000 0 
157171 8:2:6 0 38 8132 0.004919 7326 0.005460 57 0 0 0 0.000000 0 0.000000 0 0 0 0 0.000000 0 0.000000 0 0 0 0 0.000000 0 0.000000 0 0 26 2373 0.007380 5537 0.005418 706 0 0 0 0.000000 0 0.000000 0 0 0 0 0.000000 0 0.000000 0 0 0 0 0.000000 0 0.000000 0 0 10 3796 0.004800 6953 0.004315 6953 0 0 0 0.000000 0 0.000000 0 0 0 0 0.000000 0 0.000000 0 0 0 0 0.000000 0 0.000000 0 
157171 8:2:6 0 38 8132 0.004919 7326 0.005460 57 0 0 0 0.000000 0 0.000000 0 0 0 0 0.000000 0 0.000000 0 0 0 0 0.000000 0 0.000000 0 0 26 2373 0.007380 5537 0.005418 706 0 0 0 0.000000 0 0.000000 0 0 0 0 0.000000 0 0.000000 0 0 0 0 0.000000 0 0.000000 0 0 10 3796 0.004800 6953 0.004315 6953 0 0 0 0.000000 0 0.000000 0 0 0 0 0.000000 0 0.000000 0 0 0 0 0.000000 0 0.000000 0 
193106 18:1:1 0 38 8132 0.004919 7325 0.005460 57 0 0 0 0.000000 0 0.000000 0 0 0 0 0.000000 0 0.000000 0 0 0 0 0.000000 0 0.000000 0 0 26 2373 0.007380 5537 0.005418 706 0 0 0 0.000000 0 0.000000 0 0 0 0 0.000000 0 0.000000 0 0 0 0 0.000000 0 0.000000 0 0 10 3796 0.004800 6953 0.004315 6953 0 0 0 0.000000 0 0.000000 0 0 0 0 0.000000 0 0.000000 0 0 0 0 0.000000 0 0.000000 0 
236257 6:0:12 1 -1 8132 0.004919 7325 0.005460 57 0 0 0 0.000000 0 0.000000 0 0 0 0 0.000000 0 0.000000 0 0 0 0 0.000000 0 0.000000 0 1 26 2373 0.007380 5537 0.005418 706 0 0 0 0.000000 0 0.000000 0 0 0 0 0.000000 0 0.000000 0 0 0 0 0.000000 0 0.000000 0 1 7 3796 0.004800 6953 0.004315 6953 0 0 0 0.000000 0 0.000000 0 0 0 0 0.000000 0 0.000000 0 0 0 0 0.000000 0 0.000000 0 
241544 7:28:19 0 -1 8132 0.004919 7325 0.005461 7325 0 0 0 0.000000 0 0.000000 0 0 0 0 0.000000 0 0.000000 0 0 0 0 0.000000 0 0.000000 0 0 26 2373 0.006698 5434 0.005521 147 0 0 0 0.000000 0 0.000000 0 0 0 0 0.000000 0 0.000000 0 0 0 0 0.000000 0 0.000000 0 0 7 3796 0.004800 6953 0.004315 6953 0 0 0 0.000000 0 0.000000 0 0 0 0 0.000000 0 0.000000 0 0 0 0 0.000000 0 0.000000 0 
241544 7:28:19 0 -1 8132 0.004919 7325 0.005461 7325 0 0 0 0.000000 0 0.000000 0 0 0 0 0.000000 0 0.000000 0 0 0 0 0.000000 0 0.000000 0 0 26 2373 0.006698 5434 0.005521 147 0 0 0 0.000000 0 0.000000 0 0 0 0 0.000000 0 0.000000 0 0 0 0 0.000000 0 0.000000 0 0 7 3796 0.004800 6953 0.004315 6953 0 0 0 0.000000 0 0.000000 0 0 0 0 0.000000 0 0.000000 0 0 0 0 0.000000 0 0.000000 0 
279527 18:1:22 0 -1 8132 0.004919 7325 0.005461 7325 0 0 0 0.000000 0 0.000000 0 0 0 0 0.000000 0 0.000000 0 0 0 0 0.000000 0 0.000000 0 0 26 2373 0.006698 5434 0.005521 147 0 0 0 0.000000 0 0.000000 0 0 0 0 0.000000 0 0.000000 0 0 0 0 0.000000 0 0.000000 0 0 7 3796 0.004800 6953 0.004315 6953 0 0 0 0.000000 0 0.000000 0 0 0 0 0.000000 0 0.000000 0 0 0 0 0.000000 0 0.000000 0 
322672 6:0:27 1 -1 8132 0.004919 7325 0.005461 7325 0 0 0 0.000000 0 0.000000 0 0 0 0 0.000000 0 0.000000 0 0 0 0 0.000000 0 0.000000 0 1 24 2373 0.006698 5434 0.005521 147 0 0 0 0.000000 0 0.000000 0 0 0 0 0.000000 0 0.000000 0 0 0 0 0.000000 0 0.000000 0 1 27 3796 0.004800 6953 0.004315 6953 0 0 0 0.000000 0 0.000000 0 0 0 0 0.000000 0 0.000000 0 0 0 0 0.000000 0 0.000000 0 
328320 7:34:35 0 -1 8132 0.004919 7325 0.005461 7325 0 0 0 0.000000 0 0.000000 0 0 0 0 0.000000 0 0.000000 0 0 0 0 0.000000 0 0.000000 0 0 24 1967 0.006425 6085 0.004930 258 0 0 0 0.000000 0 0.000000 0 0 0 0 0.000000 0 0.000000 0 0 0 0 0.000000 0 0.000000 0 0 27 3302 0.005004 6678 0.004492 716 0 0 0 0.000000 0 0.000000 0 0 0 0 0.000000 0 0.000000 0 0 0 0 0.000000 0 0.000000 0 
328320 7:34:35 0 -1 8132 0.004919 7325 0.005461 7325 0 0 0 0.000000 0 0.000000 0 0 0 0 0.000000 0 0.000000 0 0 0 0 0.000000 0 0.000000 0 0 24 1967 0.006425 6085 0.004930 258 0 0 0 0.000000 0 0.000000 0 0 0 0 0.000000 0 0.000000 0 0 0 0 0.000000 0 0.000000 0 0 27 3302 0.005004 6678 0.004492 716 0 0 0 0.000000 0 0.000000 0 0 0 0 0.000000 0 0.000000 0 0 0 0 0.000000 0 0.000000 0 
365928 18:1:23 0 -1 8132 0.004919 7325 0.005461 7325 0 0 0 0.000000 0 0.000000 0 0 0 0 0.000000 0 0.000000 0 0 0 0 0.000000 0 0.000000 0 0 24 1967 0.006425 6085 0.004930 258 0 0 0 0.000000 0 0.000000 0 0 0 0 0.000000 0 0.000000 0 0 0 0 0.000000 0 0.000000 0 0 27 3302 0.005004 6678 0.004492 716 0 0 0 0.000000 0 0.000000 0 0 0 0 0.000000 0 0.000000 0 0 0 0 0.000000 0 0.000000 0 
409057 6:0:12 1 38 8132 0.004919 7325 0.005461 7325 0 0 0 0.000000 0 0.000000 0 0 0 0 0.000000 0 0.000000 0 0 0 0 0.000000 0 0.000000 0 1 27 1967 0.006425 6085 0.004930 258 0 0 0 0.000000 0 0.000000 0 0 0 0 0.000000 0 0.000000 0 0 0 0 0.000000 0 0.000000 0 1 29 3302 0.005004 6678 0.004492 716 0 0 0 0.000000 0 0.000000 0 0 0 0 0.000000 0 0.000000 0 0 0 0 0.000000 0 0.000000 0 
420053 9:3:28 0 38 9078 0.004406 7386 0.005416 -2543 0 0 0 0.000000 0 0.000000 0 0 0 0 0.000000 0 0.000000 0 0 0 0 0.000000 0 0.000000 0 0 27 2196 0.005562 6430 0.004666 -600 0 0 0 0.000000 0 0.000000 0 0 0 0 0.000000 0 0.000000 0 0 0 0 0.000000 0 0.000000 0 0 29 3686 0.004786 6698 0.004479 -32 0 0 0 0.000000 0 0.000000 0 0 0 0 0.000000 0 0.000000 0 0 0 0 0.000000 0 0.000000 0 
420053 9:3:28 0 38 9078 0.004406 7386 0.005416 -2543 0 0 0 0.000000 0 0.000000 0 0 0 0 0.000000 0 0.000000 0 0 0 0 0.000000 0 0.000000 0 0 27 2196 0.005562 6430 0.004666 -600 0 0 0 0.000000 0 0.000000 0 0 0 0 0.000000 0 0.000000 0 0 0 0 0.000000 0 0.000000 0 0 29 3686 0.004786 6698 0.004479 -32 0 0 0 0.000000 0 0.000000 0 0 0 0 0.000000 0 0.000000 0 0 0 0 0.000000 0 0.000000 0 
452313 18:1:8 0 38 9078 0.004406 7386 0.005416 -2543 0 0 0 0.000000 0 0.000000 0 0 0 0 0.000000 0 0.000000 0 0 0 0 0.000000 0 0.000000 0 0 27 2196 0.005562 6429 0.004666 -600 0 0 0 0.000000 0 0.000000 0 0 0 0 0.000000 0 0.000000 0 0 0 0 0.000000 0 0.000000 0 0 29 3686 0.004786 6698 0.004479 -32 0 0 0 0.000000 0 0.000000 0 0 0 0 0.000000 0 0.000000 0 0 0 0 0.000000 0 0.000000 0 
495450 6:0:5 1 33 9078 0.004406 7386 0.005416 -2543 0 0 0 0.000000 0 0.000000 0 0 0 0 0.000000 0 0.000000 0 0 0 0 0.000000 0 0.000000 0 1 13 2196 0.005562 6429 0.004666 -600 0 0 0 0.000000 0 0.000000 0 0 0 0 0.000000 0 0.000000 0 0 0 0 0.000000 0 0.000000 0 1 27 3686 0.004786 6698 0.004479 -32 0 0 0 0.000000 0 0.000000 0 0 0 0 0.000000 0 0.000000 0 0 0 0 0.000000 0 0.000000 0 
504824 8:36:19 0 33 9194 0.004351 7152 0.005593 -1304 0 0 0 0.000000 0 0.000000 0 0 0 0 0.000000 0 0.000000 0 0 0 0 0.000000 0 0.000000 0 0 13 1764 0.006558 6307 0.004757 1257 0 0 0 0.000000 0 0.000000 0 0 0 0 0.000000 0 0.000000 0 0 0 0 0.000000 0 0.000000 0 0 27 3188 0.004755 7099 0.004226 192 0 0 0 0.000000 0 0.000000 0 0 0 0 0.000000 0 0.000000 0 0 0 0 0.000000 0 0.000000 0 
504824 8:36:19 0 33 9194 0.004351 7152 0.005593 -1304 0 0 0 0.000000 0 0.000000 0 0 0 0 0.000000 0 0.000000 0 0 0 0 0.000000 0 0.000000 0 0 13 1764 0.006558 6307 0.004757 1257 0 0 0 0.000000 0 0.000000 0 0 0 0 0.000000 0 0.000000 0 0 0 0 0.000000 0 0.000000 0 0 27 3188 0.004755 7099 0.004226 192 0 0 0 0.000000 0 0.000000 0 0 0 0 0.000000 0 0.000000 0 0 0 0 0.000000 0 0.000000 0 
538718 18:1:13 0 33 9194 0.004351 7152 0.005593 -1304 0 0 0 0.000000 0 0.000000 0 0 0 0 0.000000 0 0.000000 0 0 0 0 0.000000 0 0.000000 0 0 13 1764 0.006558 6307 0.004757 1257 0 0 0 0.000000 0 0.000000 0 0 0 0 0.000000 0 0.000000 0 0 0 0 0.000000 0 0.000000 0 0 27 3188 0.004755 7099 0.004226 192 0 0 0 0.000000 0 0.000000 0 0 0 0 0.000000 0 0.000000 0 0 0 0 0.000000 0 0.000000 0 
581853 6:0:8 1 32 9194 0.004351 7152 0.005593 -1304 0 0 0 0.000000 0 0.000000 0 0 0 0 0.000000 0 0.000000 0 0 0 0 0.000000 0 0.000000 0 1 29 1764 0.006558 6307 0.004757 1257 0 0 0 0.000000 0 0.000000 0 0 0 0 0.000000 0 0.000000 0 0 0 0 0.000000 0 0.000000 0 1 27 3188 0.004755 7099 0.004226 192 0 0 0 0.000000 0 0.000000 0 0 0 0 0.000000 0 0.000000 0 0 0 0 0.000000 0 0.000000 0 
588523 7:51:18 0 32 7880 0.005076 6871 0.005822 381 0 0 0 0.000000 0 0.000000 0 0 0 0 0.000000 0 0.000000 0 0 0 0 0.000000 0 0.000000 0 0 29 1512 0.005734 6447 0.004653 -223 0 0 0 0.000000 0 0.000000 0 0 0 0 0.000000 0 0.000000 0 0 0 0 0.000000 0 0.000000 0 0 27 2438 0.005175 6428 0.004667 1007 0 0 0 0.000000 0 0.000000 0 0 0 0 0.000000 0 0.000000 0 0 0 0 0.000000 0 0.000000 0 
588523 7:51:18 0 32 7880 0.005076 6871 0.005822 381 0 0 0 0.000000 0 0.000000 0 0 0 0 0.000000 0 0.000000 0 0 0 0 0.000000 0 0.000000 0 0 29 1512 0.005734 6447 0.004653 -223 0 0 0 0.000000 0 0.000000 0 0 0 0 0.000000 0 0.000000 0 0 0 0 0.000000 0 0.000000 0 0 27 2438 0.005175 6428 0.004667 1007 0 0 0 0.000000 0 0.000000 0 0 0 0 0.000000 0 0.000000 0 0 0 0 0.000000 0 0.000000 0 
625124 18:1:19 0 32 7880 0.005076 6871 0.005822 381 0 0 0 0.000000 0 0.000000 0 0 0 0 0.000000 0 0.000000 0 0 0 0 0.000000 0 0.000000 0 0 29 1512 0.005734 6447 0.004653 -223 0 0 0 0.000000 0 0.000000 0 0 0 0 0.000000 0 0.000000 0 0 0 0 0.000000 0 0.000000 0 0 27 2438 0.005175 6428 0.004667 1007 0 0 0 0.000000 0 0.000000 0 0 0 0 0.000000 0 0.000000 0 0 0 0 0.000000 0 0.000000 0 
668255 6:0:10 1 27 7880 0.005076 6871 0.005822 381 0 0 0 0.000000 0 0.000000 0 0 0 0 0.000000 0 0.000000 0 0 0 0 0.000000 0 0.000000 0 1 -2 1512 0.005734 6447 0.004653 -223 0 0 0 0.000000 0 0.000000 0 0 0 0 0.000000 0 0.000000 0 0 0 0 0.000000 0 0.000000 0 1 26 2438 0.005175 6428 0.004667 1007 0 0 0 0.000000 0 0.000000 0 0 0 0 0.000000 0 0.000000 0 0 0 0 0.000000 0 0.000000 0 
678768 8:55:23 0 27 8757 0.004567 7014 0.005703 -2536 0 0 0 0.000000 0 0.000000 0 0 0 0 0.000000 0 0.000000 0 0 0 0 0.000000 0 0.000000 0 0 -2 1680 0.005734 6447 0.004653 6447 0 0 0 0.000000 0 0.000000 0 0 0 0 0.000000 0 0.000000 0 0 0 0 0.000000 0 0.000000 0 0 26 2271 0.005541 6617 0.004534 803 0 0 0 0.000000 0 0.000000 0 0 0 0 0.000000 0 0.000000 0 0 0 0 0.000000 0 0.000000 0 
678768 8:55:23 0 27 8757 0.004567 7014 0.005703 -2536 0 0 0 0.000000 0 0.000000 0 0 0 0 0.000000 0 0.000000 0 0 0 0 0.000000 0 0.000000 0 0 -2 1680 0.005734 6447 0.004653 6447 0 0 0 0.000000 0 0.000000 0 0 0 0 0.000000 0 0.000000 0 0 0 0 0.000000 0 0.000000 0 0 26 2271 0.005541 6617 0.004534 803 0 0 0 0.000000 0 0.000000 0 0 0 0 0.000000 0 0.000000 0 0 0 0 0.000000 0 0.000000 0 
711510 18:1:5 0 27 8757 0.004567 7014 0.005703 -2536 0 0 0 0.000000 0 0.000000 0 0 0 0 0.000000 0 0.000000 0 0 0 0 0.000000 0 0.000000 0 0 -2 1680 0.005734 6447 0.004653 6447 0 0 0 0.000000 0 0.000000 0 0 0 0 0.000000 0 0.000000 0 0 0 0 0.000000 0 0.000000 0 0 26 2271 0.005541 6617 0.004534 803 0 0 0 0.000000 0 0.000000 0 0 0 0 0.000000 0 0.000000 0 0 0 0 0.000000 0 0.000000 0 
754696 6:0:51 1 24 8757 0.004567 7014 0.005703 -2536 0 0 0 0.000000 0 0.000000 0 0 0 0 0.000000 0 0.000000 0 0 0 0 0.000000 0 0.000000 0 1 -4 1680 0.005734 6447 0.004653 6447 0 0 0 0.000000 0 0.000000 0 0 0 0 0.000000 0 0.000000 0 0 0 0 0.000000 0 0.000000 0 1 23 2271 0.005541 6617 0.004534 803 0 0 0 0.000000 0 0.000000 0 0 0 0 0.000000 0 0.000000 0 0 0 0 0.000000 0 0.000000 0 
764972 8:52:7 0 24 9307 0.004298 7056 0.005669 -2242 0 0 0 0.000000 0 0.000000 0 0 0 0 0.000000 0 0.000000 0 0 0 0 0.000000 0 0.000000 0 0 -4 1786 0.005734 6447 0.004653 6447 0 0 0 0.000000 0 0.000000 0 0 0 0 0.000000 0 0.000000 0 0 0 0 0.000000 0 0.000000 0 0 23 1949 0.005988 6606 0.004541 1067 0 0 0 0.000000 0 0.000000 0 0 0 0 0.000000 0 0.000000 0 0 0 0 0.000000 0 0.000000 0 
764972 8:52:7 0 24 9307 0.004298 7056 0.005669 -2242 0 0 0 0.000000 0 0.000000 0 0 0 0 0.000000 0 0.000000 0 0 0 0 0.000000 0 0.000000 0 0 -4 1786 0.005734 6447 0.004653 6447 0 0 0 0.000000 0 0.000000 0 0 0 0 0.000000 0 0.000000 0 0 0 0 0.000000 0 0.000000 0 0 23 1949 0.005988 6606 0.004541 1067 0 0 0 0.000000 0 0.000000 0 0 0 0 0.000000 0 0.000000 0 0 0 0 0.000000 0 0.000000 0 
797951 18:1:46 0 24 9307 0.004298 7056 0.005669 -2242 0 0 0 0.000000 0 0.000000 0 0 0 0 0.000000 0 0.000000 0 0 0 0 0.000000 0 0.000000 0 0 -4 1786 0.005734 6447 0.004653 6447 0 0 0 0.000000 0 0.000000 0 0 0 0 0.000000 0 0.000000 0 0 0 0 0.000000 0 0.000000 0 0 23 1949 0.005988 6606 0.004541 1067 0 0 0 0.000000 0 0.000000 0 0 0 0 0.000000 0 0.000000 0 0 0 0 0.000000 0 0.000000 0 
841104 6:0:59 1 21 9307 0.004298 7056 0.005669 -2242 0 0 0 0.000000 0 0.000000 0 0 0 0 0.000000 0 0.000000 0 0 0 0 0.000000 0 0.000000 0 1 -5 1786 0.005734 6447 0.004653 6447 0 0 0 0.000000 0 0.000000 0 0 0 0 0.000000 0 0.000000 0 0 0 0 0.000000 0 0.000000 0 1 23 1949 0.005988 6606 0.004541 1067 0 0 0 0.000000 0 0.000000 0 0 0 0 0.000000 0 0.000000 0 0 0 0 0.000000 0 0.000000 0 
847473 7:47:8 0 21 7856 0.005091 6763 0.005915 395 0 0 0 0.000000 0 0.000000 0 0 0 0 0.000000 0 0.000000 0 0 0 0 0.000000 0 0.000000 0 0 -5 1507 0.005734 6447 0.004653 6447 0 0 0 0.000000 0 0.000000 0 0 0 0 0.000000 0 0.000000 0 0 0 0 0.000000 0 0.000000 0 0 23 1645 0.006121 5711 0.005253 964 0 0 0 0.000000 0 0.000000 0 0 0 0 0.000000 0 0.000000 0 0 0 0 0.000000 0 0.000000 0 
847473 7:47:8 0 21 7856 0.005091 6763 0.005915 395 0 0 0 0.000000 0 0.000000 0 0 0 0 0.000000 0 0.000000 0 0 0 0 0.000000 0 0.000000 0 0 -5 1507 0.005734 6447 0.004653 6447 0 0 0 0.000000 0 0.000000 0 0 0 0 0.000000 0 0.000000 0 0 0 0 0.000000 0 0.000000 0 0 23 1645 0.006121 5711 0.005253 964 0 0 0 0.000000 0 0.000000 0 0 0 0 0.000000 0 0.000000 0 0 0 0 0.000000 0 0.000000 0 
884357 18:1:52 0 21 7856 0.005091 6763 0.005915 395 0 0 0 0.000000 0 0.000000 0 0 0 0 0.000000 0 0.000000 0 0 0 0 0.000000 0 0.000000 0 0 -5 1507 0.005734 6447 0.004653 6447 0 0 0 0.000000 0 0.000000 0 0 0 0 0.000000 0 0.000000 0 0 0 0 0.000000 0 0.000000 0 0 23 1645 0.006121 5711 0.005253 964 0 0 0 0.000000 0 0.000000 0 0 0 0 0.000000 0 0.000000 0 0 0 0 0.000000 0 0.000000 0 
927488 6:0:43 1 18 7856 0.005091 6763 0.005915 395 0 0 0 0.000000 0 0.000000 0 0 0 0 0.000000 0 0.000000 0 0 0 0 0.000000 0 0.000000 0 1 -5 1507 0.005734 6447 0.004653 6447 0 0 0 0.000000 0 0.000000 0 0 0 0 0.000000 0 0.000000 0 0 0 0 0.000000 0 0.000000 0 1 18 1645 0.006121 5711 0.005253 964 0 0 0 0.000000 0 0.000000 0 0 0 0 0.000000 0 0.000000 0 0 0 0 0.000000 0 0.000000 0 
933319 7:37:54 0 18 6898 0.005799 6356 0.006293 525 0 0 0 0.000000 0 0.000000 0 0 0 0 0.000000 0 0.000000 0 0 0 0 0.000000 0 0.000000 0 0 -5 1323 0.005734 6447 0.004653 6447 0 0 0 0.000000 0 0.000000 0 0 0 0 0.000000 0 0.000000 0 0 0 0 0.000000 0 0.000000 0 0 18 1253 0.006892 5443 0.005512 981 0 0 0 0.000000 0 0.000000 0 0 0 0 0.000000 0 0.000000 0 0 0 0 0.000000 0 0.000000 0 
933319 7:37:54 0 18 6898 0.005799 6356 0.006293 525 0 0 0 0.000000 0 0.000000 0 0 0 0 0.000000 0 0.000000 0 0 0 0 0.000000 0 0.000000 0 0 -5 1323 0.005734 6447 0.004653 6447 0 0 0 0.000000 0 0.000000 0 0 0 0 0.000000 0 0.000000 0 0 0 0 0.000000 0 0.000000 0 0 18 1253 0.006892 5443 0.005512 981 0 0 0 0.000000 0 0.000000 0 0 0 0 0.000000 0 0.000000 0 0 0 0 0.000000 0 0.000000 0 
970746 18:1:41 0 18 6898 0.005799 6356 0.006293 525 0 0 0 0.000000 0 0.000000 0 0 0 0 0.000000 0 0.000000 0 0 0 0 0.000000 0 0.000000 0 0 -5 1323 0.005734 6447 0.004653 6447 0 0 0 0.000000 0 0.000000 0 0 0 0 0.000000 0 0.000000 0 0 0 0 0.000000 0 0.000000 0 0 18 1253 0.006892 5443 0.005512 981 0 0 0 0.000000 0 0.000000 0 0 0 0 0.000000 0 0.000000 0 0 0 0 0.000000 0 0.000000 0 
1013851 6:0:6 1 15 6898 0.005799 6356 0.006293 525 0 0 0 0.000000 0 0.000000 0 0 0 0 0.000000 0 0.000000 0 0 0 0 0.000000 0 0.000000 0 1 -9 1323 0.005734 6447 0.004653 6447 0 0 0 0.000000 0 0.000000 0 0 0 0 0.000000 0 0.000000 0 0 0 0 0.000000 0 0.000000 0 1 15 1253 0.006892 5443 0.005512 981 0 0 0 0.000000 0 0.000000 0 0 0 0 0.000000 0 0.000000 0 0 0 0 0.000000 0 0.000000 0 
1018962 7:25:17 0 15 6051 0.006610 5791 0.006907 680 0 0 0 0.000000 0 0.000000 0 0 0 0 0.000000 0 0.000000 0 0 0 0 0.000000 0 0.000000 0 0 -9 1161 0.005734 6447 0.004653 6447 0 0 0 0.000000 0 0.000000 0 0 0 0 0.000000 0 0.000000 0 0 0 0 0.000000 0 0.000000 0 0 15 972 0.007637 5284 0.005678 979 0 0 0 0.000000 0 0.000000 0 0 0 0 0.000000 0 0.000000 0 0 0 0 0.000000 0 0.000000 0 
1018962 7:25:17 0 15 6051 0.006610 5791 0.006907 680 0 0 0 0.000000 0 0.000000 0 0 0 0 0.000000 0 0.000000 0 0 0 0 0.000000 0 0.000000 0 0 -9 1161 0.005734 6447 0.004653 6447 0 0 0 0.000000 0 0.000000 0 0 0 0 0.000000 0 0.000000 0 0 0 0 0.000000 0 0.000000 0 0 15 972 0.007637 5284 0.005678 979 0 0 0 0.000000 0 0.000000 0 0 0 0 0.000000 0 0.000000 0 0 0 0 0.000000 0 0.000000 0 
1057147 18:1:42 0 15 6051 0.006610 5791 0.006907 680 0 0 0 0.000000 0 0.000000 0 0 0 0 0.000000 0 0.000000 0 0 0 0 0.000000 0 0.000000 0 0 -9 1161 0.005734 6447 0.004653 6447 0 0 0 0.000000 0 0.000000 0 0 0 0 0.000000 0 0.000000 0 0 0 0 0.000000 0 0.000000 0 0 15 972 0.007637 5284 0.005678 979 0 0 0 0.000000 0 0.000000 0 0 0 0 0.000000 0 0.000000 0 0 0 0 0.000000 0 0.000000 0 
1100266 6:0:21 1 15 6051 0.006610 5791 0.006907 680 0 0 0 0.000000 0 0.000000 0 0 0 0 0.000000 0 0.000000 0 0 0 0 0.000000 0 0.000000 0 1 7 1161 0.005734 6447 0.004653 6447 0 0 0 0.000000 0 0.000000 0 0 0 0 0.000000 0 0.000000 0 0 0 0 0.000000 0 0.000000 0 1 -31 972 0.007637 5284 0.005678 979 0 0 0 0.000000 0 0.000000 0 0 0 0 0.000000 0 0.000000 0 0 0 0 0.000000 0 0.000000 0 
1105793 7:32:28 0 15 5830 0.006861 5682 0.007040 155 0 0 0 0.000000 0 0.000000 0 0 0 0 0.000000 0 0.000000 0 0 0 0 0.000000 0 0.000000 0 0 7 1118 0.005734 5715 0.005249 6447 0 0 0 0.000000 0 0.000000 0 0 0 0 0.000000 0 0.000000 0 0 0 0 0.000000 0 0.000000 0 0 -31 936 0.007637 5284 0.005678 5284 0 0 0 0.000000 0 0.000000 0 0 0 0 0.000000 0 0.000000 0 0 0 0 0.000000 0 0.000000 0 
1105793 7:32:28 0 15 5830 0.006861 5682 0.007040 155 0 0 0 0.000000 0 0.000000 0 0 0 0 0.000000 0 0.000000 0 0 0 0 0.000000 0 0.000000 0 0 7 1118 0.005734 5715 0.005249 6447 0 0 0 0.000000 0 0.000000 0 0 0 0 0.000000 0 0.000000 0 0 0 0 0.000000 0 0.000000 0 0 -31 936 0.007637 5284 0.005678 5284 0 0 0 0.000000 0 0.000000 0 0 0 0 0.000000 0 0.000000 0 0 0 0 0.000000 0 0.000000 0 
