71969 8:22:4 1 1 0 1.00 1.00 1.00 1.00 1.00 1.00 1.00 1.00 8470 0 0.00 0.00 9 1 1 1 1 1.00 1.00 1.00 1.00 0.40 1.00 1.00 1.00 3845 0 0.00 0.00 9 1 1 1 1 1.00 1.00 1.00 1.00 0.47 1.00 1.00 1.00 8050 0 0.00 0.00 9 1 
71969 8:22:4 0 1 0 1.00 1.00 1.00 1.00 1.00 1.00 1.00 1.00 0 8831 1.00 0.00 0 1 0 1 1 0.40 1.00 1.00 1.00 0.40 1.00 1.00 1.00 0 8831 1.00 0.00 0 1 0 1 1 0.47 1.00 1.00 1.00 0.47 1.00 1.00 1.00 0 8831 1.00 0.00 0 1 
157171 8:2:6 1 1 0 1.00 1.00 1.00 1.00 1.00 1.00 1.00 1.00 7269 0 0.00 0.00 9 1 1 1 1 0.40 1.00 1.00 1.00 0.40 1.00 1.00 1.00 3604 0 0.00 0.00 9 1 0 1 1 0.47 1.00 1.00 1.00 0.47 1.00 1.00 1.00 0 0 0.00 0.00 9 1 
157171 8:2:6 0 1 0 1.00 1.00 1.00 1.00 1.00 1.00 1.00 1.00 0 8132 1.00 0.00 0 1 0 1 1 0.29 1.00 1.00 1.00 0.40 1.00 1.00 1.00 0 8132 1.00 0.00 0 1 0 1 1 0.47 1.00 1.00 1.00 0.47 1.00 1.00 1.00 0 8132 1.00 0.00 0 1 
241544 7:28:19 0 1 1 1.00 1.00 1.00 1.00 1.00 1.00 1.00 1.00 0 0 0.00 0.00 9 1 1 1 0 0.29 1.00 1.00 1.00 0.63 1.00 1.00 1.00 5287 0 0.00 0.00 9 1 0 1 1 0.47 1.00 1.00 1.00 1.00 1.00 1.00 1.00 0 0 0.00 0.00 9 1 
241544 7:28:19 0 1 1 1.00 1.00 1.00 1.00 1.00 1.00 1.00 1.00 0 8132 1.00 0.00 0 1 0 1 0 0.29 1.00 1.00 1.00 0.29 1.00 1.00 1.00 0 8132 1.00 0.00 0 1 0 1 1 0.47 1.00 1.00 1.00 0.47 1.00 1.00 1.00 0 8132 1.00 0.00 0 1 
328320 7:34:35 0 1 1 1.00 1.00 1.00 1.00 1.00 1.00 1.00 1.00 0 0 0.00 0.00 9 1 1 1 1 0.29 1.00 1.00 1.00 0.63 1.00 1.00 1.00 4987 0 0.00 0.00 9 1 1 1 0 0.47 1.00 1.00 1.00 1.00 1.00 1.00 1.00 5648 0 0.00 0.00 9 1 
328320 7:34:35 0 1 1 1.00 1.00 1.00 1.00 1.00 1.00 1.00 1.00 0 8132 1.00 0.00 0 1 0 1 1 0.24 1.00 1.00 1.00 0.29 1.00 1.00 1.00 0 8132 1.00 0.00 0 1 0 1 0 0.41 1.00 1.00 1.00 0.47 1.00 1.00 1.00 0 8132 1.00 0.00 0 1 
420053 9:3:28 1 1 0 1.00 1.00 1.00 1.00 1.00 1.00 1.00 1.00 10996 0 0.00 0.00 9 1 1 1 1 0.24 1.00 1.00 1.00 0.24 1.00 1.00 1.00 7030 0 0.00 0.00 9 1 1 1 1 0.41 1.00 1.00 1.00 0.41 1.00 1.00 1.00 6730 0 0.00 0.00 9 1 
420053 9:3:28 0 1 0 1.00 1.00 1.00 1.00 1.00 1.00 1.00 1.00 0 9078 1.00 0.00 0 1 0 1 1 0.24 1.00 1.00 1.00 0.24 1.00 1.00 1.00 0 9078 1.00 0.00 0 1 0 1 1 0.41 1.00 1.00 1.00 0.41 1.00 1.00 1.00 0 9078 1.00 0.00 0 1 
504824 8:36:19 1 1 0 1.00 1.00 1.00 1.00 1.00 1.00 1.00 1.00 9374 0 0.00 0.00 9 1 1 1 1 0.24 1.00 1.00 1.00 0.24 1.00 1.00 1.00 3726 0 0.00 0.00 9 1 1 1 1 0.41 1.00 1.00 1.00 0.41 1.00 1.00 1.00 6370 0 0.00 0.00 9 1 
504824 8:36:19 0 1 0 1.00 1.00 1.00 1.00 1.00 1.00 1.00 1.00 0 9194 1.00 0.00 0 1 0 1 1 0.19 1.00 1.00 1.00 0.24 1.00 1.00 1.00 0 9194 1.00 0.00 0 1 0 1 1 0.35 1.00 1.00 1.00 0.41 1.00 1.00 1.00 0 9194 1.00 0.00 0 1 
588523 7:51:18 1 1 1 1.00 1.00 1.00 1.00 1.00 1.00 1.00 1.00 6490 0 0.00 0.00 9 1 1 1 0 0.19 1.00 1.00 1.00 0.19 1.00 1.00 1.00 6670 0 0.00 0.00 9 1 1 1 1 0.35 1.00 1.00 1.00 0.35 1.00 1.00 1.00 5168 0 0.00 0.00 9 1 
588523 7:51:18 0 1 1 1.00 1.00 1.00 1.00 1.00 1.00 1.00 1.00 0 7880 1.00 0.00 0 1 0 1 0 0.19 1.00 1.00 1.00 0.19 1.00 1.00 1.00 0 7880 1.00 0.00 0 1 0 1 1 0.31 1.00 1.00 1.00 0.35 1.00 1.00 1.00 0 7880 1.00 0.00 0 1 
678768 8:55:23 1 1 0 1.00 1.00 1.00 1.00 1.00 1.00 1.00 1.00 10512 0 0.00 0.00 9 1 0 1 1 0.19 1.00 1.00 1.00 0.19 1.00 1.00 1.00 0 0 0.00 0.00 9 1 1 1 1 0.31 1.00 1.00 1.00 0.31 1.00 1.00 1.00 4926 0 0.00 0.00 9 1 
678768 8:55:23 0 1 0 1.00 1.00 1.00 1.00 1.00 1.00 1.00 1.00 0 8757 1.00 0.00 0 1 0 1 1 0.19 1.00 1.00 1.00 0.19 1.00 1.00 1.00 0 8757 1.00 0.00 0 1 0 1 1 0.26 1.00 1.00 1.00 0.31 1.00 1.00 1.00 0 8757 1.00 0.00 0 1 
764972 8:52:7 1 1 0 1.00 1.00 1.00 1.00 1.00 1.00 1.00 1.00 10276 0 0.00 0.00 9 1 0 1 1 0.19 1.00 1.00 1.00 0.19 1.00 1.00 1.00 0 0 0.00 0.00 9 1 1 1 1 0.26 1.00 1.00 1.00 0.26 1.00 1.00 1.00 4505 0 0.00 0.00 9 1 
764972 8:52:7 0 1 0 1.00 1.00 1.00 1.00 1.00 1.00 1.00 1.00 0 9307 1.00 0.00 0 1 0 1 1 0.19 1.00 1.00 1.00 0.19 1.00 1.00 1.00 0 9307 1.00 0.00 0 1 0 1 1 0.21 1.00 1.00 1.00 0.26 1.00 1.00 1.00 0 9307 1.00 0.00 0 1 
847473 7:47:8 1 1 0 1.00 1.00 1.00 1.00 1.00 1.00 1.00 1.00 6368 0 0.00 0.00 9 1 0 1 1 0.19 1.00 1.00 1.00 0.19 1.00 1.00 1.00 0 0 0.00 0.00 9 1 1 1 1 0.21 1.00 1.00 1.00 0.21 1.00 1.00 1.00 4747 0 0.00 0.00 9 1 
847473 7:47:8 0 1 0 1.00 1.00 1.00 1.00 1.00 1.00 1.00 1.00 0 7856 1.00 0.00 0 1 0 1 1 0.19 1.00 1.00 1.00 0.19 1.00 1.00 1.00 0 7856 1.00 0.00 0 1 0 1 1 0.21 1.00 1.00 1.00 0.21 1.00 1.00 1.00 0 7856 1.00 0.00 0 1 
933319 7:37:54 1 1 0 1.00 1.00 1.00 1.00 1.00 1.00 1.00 1.00 5831 0 0.00 0.00 9 1 0 1 1 0.19 1.00 1.00 1.00 0.19 1.00 1.00 1.00 0 0 0.00 0.00 9 1 1 1 1 0.21 1.00 1.00 1.00 0.21 1.00 1.00 1.00 3727 0 0.00 0.00 9 1 
933319 7:37:54 0 1 0 1.00 1.00 1.00 1.00 1.00 1.00 1.00 1.00 0 6898 1.00 0.00 0 1 0 1 1 0.19 1.00 1.00 1.00 0.19 1.00 1.00 1.00 0 6898 1.00 0.00 0 1 0 1 1 0.18 1.00 1.00 1.00 0.21 1.00 1.00 1.00 0 6898 1.00 0.00 0 1 
1018962 7:25:17 1 1 0 1.00 1.00 1.00 1.00 1.00 1.00 1.00 1.00 5111 0 0.00 0.00 9 1 0 1 1 0.19 1.00 1.00 1.00 0.19 1.00 1.00 1.00 0 0 0.00 0.00 9 1 1 1 1 0.18 1.00 1.00 1.00 0.18 1.00 1.00 1.00 3427 0 0.00 0.00 9 1 
1018962 7:25:17 0 1 0 1.00 1.00 1.00 1.00 1.00 1.00 1.00 1.00 0 6051 1.00 0.00 0 1 0 1 1 0.19 1.00 1.00 1.00 0.19 1.00 1.00 1.00 0 6051 1.00 0.00 0 1 0 1 1 0.16 1.00 1.00 1.00 0.18 1.00 1.00 1.00 0 6051 1.00 0.00 0 1 
1105793 7:32:28 1 1 0 1.00 1.00 1.00 1.00 1.00 1.00 1.00 1.00 5527 0 0.00 0.00 9 1 0 1 1 0.19 1.00 1.00 1.00 0.19 1.00 1.00 1.00 0 0 0.00 0.00 9 1 0 1 1 0.16 1.00 1.00 1.00 0.16 1.00 1.00 1.00 0 0 0.00 0.00 9 1 
1105793 7:32:28 0 1 0 1.00 1.00 1.00 1.00 1.00 1.00 1.00 1.00 0 5830 1.00 0.00 0 1 0 1 1 0.19 1.00 1.00 1.00 0.19 1.00 1.00 1.00 0 5830 1.00 0.00 0 1 0 1 1 0.16 1.00 1.00 1.00 0.16 1.00 1.00 1.00 0 5830 1.00 0.00 0 1 
