63499 6:0:54 0 1 1 0 1 0 1 22.00 18.20 1.00 1.00 1.00 1.00 1.00 1.00 1.00 1.00 1 0 1 0 1 20.00 17.30 0.40 1.00 1.00 1.00 1.00 1.00 1.00 1.00 1 0 1 0 1 20.00 16.60 0.47 1.00 1.00 1.00 1.00 1.00 1.00 1.00 
63499 6:0:54 0 1 1 0 1 0 1 22.00 18.20 1.00 1.00 1.00 1.00 1.00 1.00 1.00 1.00 1 0 1 0 1 20.00 17.30 0.40 1.00 1.00 1.00 1.00 1.00 1.00 1.00 1 0 1 0 1 20.00 16.60 0.47 1.00 1.00 1.00 1.00 1.00 1.00 1.00 
67344 7:4:59 0 0 1 3845 1 0 0 22.00 20.10 1.00 1.00 1.00 1.00 1.00 1.00 1.00 1.00 1 3845 1 1 0 20.00 19.80 0.40 1.00 1.00 1.00 1.00 1.00 1.00 1.00 1 3845 1 0 0 20.00 18.40 0.47 1.00 1.00 1.00 1.00 1.00 1.00 1.00 
71549 8:15:4 0 0 1 8050 1 0 0 22.00 21.60 1.00 1.00 1.00 1.00 1.00 1.00 1.00 1.00 1 3845 1 1 1 20.00 20.20 0.40 1.00 1.00 1.00 1.00 1.00 1.00 1.00 1 8050 1 1 0 20.00 19.80 0.47 1.00 1.00 1.00 1.00 1.00 1.00 1.00 
71969 8:22:4 1 0 0 0 1 1 0 22.00 21.80 1.00 1.00 1.00 1.00 1.00 1.00 1.00 1.00 0 0 1 1 1 20.00 19.90 0.40 0.40 1.00 1.00 1.00 1.00 1.00 1.00 0 0 1 1 1 20.00 19.80 0.47 0.47 1.00 1.00 1.00 1.00 1.00 1.00 
71969 8:22:4 1 0 0 0 1 1 0 22.00 21.80 1.00 1.00 1.00 1.00 1.00 1.00 1.00 1.00 0 0 1 1 1 20.00 19.90 0.40 0.40 1.00 1.00 1.00 1.00 1.00 1.00 0 0 1 1 1 20.00 19.80 0.47 0.47 1.00 1.00 1.00 1.00 1.00 1.00 
149902 6:0:57 0 1 1 0 1 0 1 22.00 18.20 1.00 1.00 1.00 1.00 1.00 1.00 1.00 1.00 1 0 1 0 1 20.00 17.40 0.40 0.40 1.00 1.00 1.00 1.00 1.00 1.00 0 0 1 0 1 20.00 19.00 0.47 0.47 1.00 1.00 1.00 1.00 1.00 1.00 
149902 6:0:57 0 1 1 0 1 0 1 22.00 18.20 1.00 1.00 1.00 1.00 1.00 1.00 1.00 1.00 1 0 1 0 1 20.00 17.40 0.40 0.40 1.00 1.00 1.00 1.00 1.00 1.00 0 0 1 0 1 20.00 19.00 0.47 0.47 1.00 1.00 1.00 1.00 1.00 1.00 
152725 6:48:0 0 0 1 2823 1 0 0 22.00 19.80 1.00 1.00 1.00 1.00 1.00 1.00 1.00 1.00 1 2823 1 0 0 20.00 19.30 0.40 0.40 1.00 1.00 1.00 1.00 1.00 1.00 0 0 1 1 0 20.00 19.80 0.47 0.47 1.00 1.00 1.00 1.00 1.00 1.00 
153506 7:1:1 0 0 1 3604 1 0 0 22.00 20.20 1.00 1.00 1.00 1.00 1.00 1.00 1.00 1.00 1 3604 1 1 0 20.00 19.80 0.40 0.40 1.00 1.00 1.00 1.00 1.00 1.00 0 0 1 1 1 20.00 19.80 0.47 0.47 1.00 1.00 1.00 1.00 1.00 1.00 
157171 8:2:6 1 0 0 0 1 1 0 22.00 21.80 1.00 1.00 1.00 1.00 1.00 1.00 1.00 1.00 0 0 1 1 1 20.00 20.40 0.40 0.29 1.00 1.00 1.00 1.00 1.00 1.00 0 0 1 1 1 20.00 20.40 0.47 0.47 1.00 1.00 1.00 1.00 1.00 1.00 
157171 8:2:6 1 0 0 0 1 1 0 22.00 21.80 1.00 1.00 1.00 1.00 1.00 1.00 1.00 1.00 0 0 1 1 1 20.00 20.40 0.40 0.29 1.00 1.00 1.00 1.00 1.00 1.00 0 0 1 1 1 20.00 20.40 0.47 0.47 1.00 1.00 1.00 1.00 1.00 1.00 
236257 6:0:12 0 1 0 0 1 0 1 22.00 22.10 1.00 1.00 1.00 1.00 1.00 1.00 1.00 1.00 1 0 1 0 1 20.00 17.40 0.29 0.29 1.00 1.00 1.00 1.00 1.00 1.00 0 0 1 0 1 20.00 19.30 0.47 0.47 1.00 1.00 1.00 1.00 1.00 1.00 
236257 6:0:12 0 1 0 0 1 0 1 22.00 22.10 1.00 1.00 1.00 1.00 1.00 1.00 1.00 1.00 1 0 1 0 1 20.00 17.40 0.29 0.29 1.00 1.00 1.00 1.00 1.00 1.00 0 0 1 0 1 20.00 19.30 0.47 0.47 1.00 1.00 1.00 1.00 1.00 1.00 
236317 6:1:12 0 0 0 0 1 1 0 22.00 22.10 1.00 1.00 1.00 1.00 1.00 1.00 1.00 1.00 1 60 1 0 0 20.00 17.60 0.63 0.29 1.00 1.00 1.00 1.00 1.00 1.00 0 0 1 0 0 20.00 19.30 1.00 0.47 1.00 1.00 1.00 1.00 1.00 1.00 
238120 6:31:15 0 0 0 0 1 1 1 22.00 22.10 1.00 1.00 1.00 1.00 1.00 1.00 1.00 1.00 1 1863 1 0 0 20.00 18.20 0.63 0.29 1.00 1.00 1.00 1.00 1.00 1.00 0 0 1 1 0 20.00 19.80 1.00 0.47 1.00 1.00 1.00 1.00 1.00 1.00 
241544 7:28:19 1 0 0 0 1 1 1 22.00 22.10 1.00 1.00 1.00 1.00 1.00 1.00 1.00 1.00 0 0 1 1 0 20.00 19.80 0.29 0.29 1.00 1.00 1.00 1.00 1.00 1.00 0 0 1 1 1 20.00 20.40 0.47 0.47 1.00 1.00 1.00 1.00 1.00 1.00 
241544 7:28:19 1 0 0 0 1 1 1 22.00 22.10 1.00 1.00 1.00 1.00 1.00 1.00 1.00 1.00 0 0 1 1 0 20.00 19.80 0.29 0.29 1.00 1.00 1.00 1.00 1.00 1.00 0 0 1 1 1 20.00 20.40 0.47 0.47 1.00 1.00 1.00 1.00 1.00 1.00 
322672 6:0:27 0 1 0 0 1 0 1 22.00 22.10 1.00 1.00 1.00 1.00 1.00 1.00 1.00 1.00 1 0 1 0 1 20.00 17.60 0.29 0.29 1.00 1.00 1.00 1.00 1.00 1.00 1 0 1 0 1 20.00 17.30 0.47 0.47 1.00 1.00 1.00 1.00 1.00 1.00 
322672 6:0:27 0 1 0 0 1 0 1 22.00 22.10 1.00 1.00 1.00 1.00 1.00 1.00 1.00 1.00 1 0 1 0 1 20.00 17.60 0.29 0.29 1.00 1.00 1.00 1.00 1.00 1.00 1 0 1 0 1 20.00 17.30 0.47 0.47 1.00 1.00 1.00 1.00 1.00 1.00 
322732 6:1:27 0 0 0 0 1 1 0 22.00 22.10 1.00 1.00 1.00 1.00 1.00 1.00 1.00 1.00 1 60 1 0 0 20.00 17.60 0.63 0.29 1.00 1.00 1.00 1.00 1.00 1.00 1 60 1 0 0 20.00 17.10 1.00 0.47 1.00 1.00 1.00 1.00 1.00 1.00 
327659 7:23:34 0 0 0 0 1 1 1 22.00 22.10 1.00 1.00 1.00 1.00 1.00 1.00 1.00 1.00 1 4987 1 1 0 20.00 19.80 0.63 0.29 1.00 1.00 1.00 1.00 1.00 1.00 1 4987 1 0 0 20.00 19.50 1.00 0.47 1.00 1.00 1.00 1.00 1.00 1.00 
328320 7:34:35 1 0 0 0 1 1 1 22.00 22.10 1.00 1.00 1.00 1.00 1.00 1.00 1.00 1.00 0 0 1 1 1 20.00 19.80 0.29 0.24 1.00 1.00 1.00 1.00 1.00 1.00 0 0 1 1 0 20.00 19.80 0.47 0.41 1.00 1.00 1.00 1.00 1.00 1.00 
328320 7:34:35 1 0 0 0 1 1 1 22.00 22.10 1.00 1.00 1.00 1.00 1.00 1.00 1.00 1.00 0 0 1 1 1 20.00 19.80 0.29 0.24 1.00 1.00 1.00 1.00 1.00 1.00 0 0 1 1 0 20.00 19.80 0.47 0.41 1.00 1.00 1.00 1.00 1.00 1.00 
409057 6:0:12 0 1 1 0 1 0 1 22.00 18.20 1.00 1.00 1.00 1.00 1.00 1.00 1.00 1.00 1 0 1 0 1 20.00 17.30 0.24 0.24 1.00 1.00 1.00 1.00 1.00 1.00 1 0 1 0 1 20.00 17.10 0.41 0.41 1.00 1.00 1.00 1.00 1.00 1.00 
409057 6:0:12 0 1 1 0 1 0 1 22.00 18.20 1.00 1.00 1.00 1.00 1.00 1.00 1.00 1.00 1 0 1 0 1 20.00 17.30 0.24 0.24 1.00 1.00 1.00 1.00 1.00 1.00 1 0 1 0 1 20.00 17.10 0.41 0.41 1.00 1.00 1.00 1.00 1.00 1.00 
415787 7:52:22 0 0 1 6730 1 0 0 22.00 20.20 1.00 1.00 1.00 1.00 1.00 1.00 1.00 1.00 1 6730 1 0 0 20.00 19.60 0.24 0.24 1.00 1.00 1.00 1.00 1.00 1.00 1 6730 1 1 0 20.00 19.80 0.41 0.41 1.00 1.00 1.00 1.00 1.00 1.00 
416088 7:57:23 0 0 1 7030 1 0 0 22.00 20.40 1.00 1.00 1.00 1.00 1.00 1.00 1.00 1.00 1 7030 1 1 0 20.00 19.80 0.24 0.24 1.00 1.00 1.00 1.00 1.00 1.00 1 6730 1 1 1 20.00 19.80 0.41 0.41 1.00 1.00 1.00 1.00 1.00 1.00 
420053 9:3:28 1 0 0 0 1 1 0 22.00 21.80 1.00 1.00 1.00 1.00 1.00 1.00 1.00 1.00 0 0 1 1 1 20.00 20.40 0.24 0.24 1.00 1.00 1.00 1.00 1.00 1.00 0 0 1 1 1 20.00 20.50 0.41 0.41 1.00 1.00 1.00 1.00 1.00 1.00 
420053 9:3:28 1 0 0 0 1 1 0 22.00 21.80 1.00 1.00 1.00 1.00 1.00 1.00 1.00 1.00 0 0 1 1 1 20.00 20.40 0.24 0.24 1.00 1.00 1.00 1.00 1.00 1.00 0 0 1 1 1 20.00 20.50 0.41 0.41 1.00 1.00 1.00 1.00 1.00 1.00 
495450 6:0:5 0 1 1 0 1 0 1 22.00 18.70 1.00 1.00 1.00 1.00 1.00 1.00 1.00 1.00 1 0 1 0 1 20.00 18.70 0.24 0.24 1.00 1.00 1.00 1.00 1.00 1.00 1 0 1 0 1 20.00 17.30 0.41 0.41 1.00 1.00 1.00 1.00 1.00 1.00 
495450 6:0:5 0 1 1 0 1 0 1 22.00 18.70 1.00 1.00 1.00 1.00 1.00 1.00 1.00 1.00 1 0 1 0 1 20.00 18.70 0.24 0.24 1.00 1.00 1.00 1.00 1.00 1.00 1 0 1 0 1 20.00 17.30 0.41 0.41 1.00 1.00 1.00 1.00 1.00 1.00 
499176 7:2:11 0 0 1 3726 1 0 0 22.00 20.10 1.00 1.00 1.00 1.00 1.00 1.00 1.00 1.00 1 3726 1 1 0 20.00 19.80 0.24 0.24 1.00 1.00 1.00 1.00 1.00 1.00 1 3726 1 0 0 20.00 18.70 0.41 0.41 1.00 1.00 1.00 1.00 1.00 1.00 
501820 7:46:15 0 0 1 6370 1 0 0 22.00 20.90 1.00 1.00 1.00 1.00 1.00 1.00 1.00 1.00 1 3726 1 1 1 20.00 20.20 0.24 0.24 1.00 1.00 1.00 1.00 1.00 1.00 1 6370 1 1 0 20.00 19.80 0.41 0.41 1.00 1.00 1.00 1.00 1.00 1.00 
504824 8:36:19 1 0 0 0 1 1 0 22.00 21.80 1.00 1.00 1.00 1.00 1.00 1.00 1.00 1.00 0 0 1 1 1 20.00 20.10 0.24 0.19 1.00 1.00 1.00 1.00 1.00 1.00 0 0 1 1 1 20.00 20.40 0.41 0.35 1.00 1.00 1.00 1.00 1.00 1.00 
504824 8:36:19 1 0 0 0 1 1 0 22.00 21.80 1.00 1.00 1.00 1.00 1.00 1.00 1.00 1.00 0 0 1 1 1 20.00 20.10 0.24 0.19 1.00 1.00 1.00 1.00 1.00 1.00 0 0 1 1 1 20.00 20.40 0.41 0.35 1.00 1.00 1.00 1.00 1.00 1.00 
581853 6:0:8 0 1 1 0 1 0 1 22.00 18.80 1.00 1.00 1.00 1.00 1.00 1.00 1.00 1.00 1 0 1 0 1 20.00 17.10 0.19 0.19 1.00 1.00 1.00 1.00 1.00 1.00 1 0 1 0 1 20.00 17.30 0.35 0.35 1.00 1.00 1.00 1.00 1.00 1.00 
581853 6:0:8 0 1 1 0 1 0 1 22.00 18.80 1.00 1.00 1.00 1.00 1.00 1.00 1.00 1.00 1 0 1 0 1 20.00 17.10 0.19 0.19 1.00 1.00 1.00 1.00 1.00 1.00 1 0 1 0 1 20.00 17.30 0.35 0.35 1.00 1.00 1.00 1.00 1.00 1.00 
587021 7:26:16 0 0 1 5168 1 0 0 22.00 21.20 1.00 1.00 1.00 1.00 1.00 1.00 1.00 1.00 1 5168 1 0 0 20.00 19.30 0.19 0.19 1.00 1.00 1.00 1.00 1.00 1.00 1 5168 1 1 0 20.00 19.80 0.35 0.35 1.00 1.00 1.00 1.00 1.00 1.00 
588343 7:48:18 0 0 1 6490 1 1 0 22.00 21.80 1.00 1.00 1.00 1.00 1.00 1.00 1.00 1.00 1 6490 1 0 0 20.00 19.60 0.19 0.19 1.00 1.00 1.00 1.00 1.00 1.00 1 5168 1 1 1 20.00 20.10 0.35 0.35 1.00 1.00 1.00 1.00 1.00 1.00 
588523 7:51:18 1 0 0 0 1 1 1 22.00 21.80 1.00 1.00 1.00 1.00 1.00 1.00 1.00 1.00 0 0 1 1 0 20.00 19.80 0.19 0.19 1.00 1.00 1.00 1.00 1.00 1.00 0 0 1 1 1 20.00 20.10 0.35 0.31 1.00 1.00 1.00 1.00 1.00 1.00 
588523 7:51:18 1 0 0 0 1 1 1 22.00 21.80 1.00 1.00 1.00 1.00 1.00 1.00 1.00 1.00 0 0 1 1 0 20.00 19.80 0.19 0.19 1.00 1.00 1.00 1.00 1.00 1.00 0 0 1 1 1 20.00 20.10 0.35 0.31 1.00 1.00 1.00 1.00 1.00 1.00 
668255 6:0:10 0 1 1 0 1 0 1 22.00 19.30 1.00 1.00 1.00 1.00 1.00 1.00 1.00 1.00 0 0 1 0 1 20.00 20.20 0.19 0.19 1.00 1.00 1.00 1.00 1.00 1.00 1 0 1 0 1 20.00 17.40 0.31 0.31 1.00 1.00 1.00 1.00 1.00 1.00 
668255 6:0:10 0 1 1 0 1 0 1 22.00 19.30 1.00 1.00 1.00 1.00 1.00 1.00 1.00 1.00 0 0 1 0 1 20.00 20.20 0.19 0.19 1.00 1.00 1.00 1.00 1.00 1.00 1 0 1 0 1 20.00 17.40 0.31 0.31 1.00 1.00 1.00 1.00 1.00 1.00 
668316 6:1:11 0 0 1 60 1 0 0 22.00 19.30 1.00 1.00 1.00 1.00 1.00 1.00 1.00 1.00 0 0 1 1 0 20.00 20.20 0.19 0.19 1.00 1.00 1.00 1.00 1.00 1.00 1 60 1 0 0 20.00 17.40 0.31 0.31 1.00 1.00 1.00 1.00 1.00 1.00 
673181 7:22:16 0 0 1 4926 1 0 0 22.00 21.00 1.00 1.00 1.00 1.00 1.00 1.00 1.00 1.00 0 0 1 1 1 20.00 20.40 0.19 0.19 1.00 1.00 1.00 1.00 1.00 1.00 1 4926 1 1 0 20.00 19.80 0.31 0.31 1.00 1.00 1.00 1.00 1.00 1.00 
678768 8:55:23 1 0 0 0 1 1 0 22.00 21.80 1.00 1.00 1.00 1.00 1.00 1.00 1.00 1.00 0 0 1 1 1 20.00 20.50 0.19 0.19 1.00 1.00 1.00 1.00 1.00 1.00 0 0 1 1 1 20.00 20.20 0.31 0.26 1.00 1.00 1.00 1.00 1.00 1.00 
678768 8:55:23 1 0 0 0 1 1 0 22.00 21.80 1.00 1.00 1.00 1.00 1.00 1.00 1.00 1.00 0 0 1 1 1 20.00 20.50 0.19 0.19 1.00 1.00 1.00 1.00 1.00 1.00 0 0 1 1 1 20.00 20.20 0.31 0.26 1.00 1.00 1.00 1.00 1.00 1.00 
754696 6:0:51 0 1 1 0 1 0 1 22.00 19.60 1.00 1.00 1.00 1.00 1.00 1.00 1.00 1.00 0 0 1 0 1 20.00 20.40 0.19 0.19 1.00 1.00 1.00 1.00 1.00 1.00 1 0 1 0 1 20.00 17.70 0.26 0.26 1.00 1.00 1.00 1.00 1.00 1.00 
754696 6:0:51 0 1 1 0 1 0 1 22.00 19.60 1.00 1.00 1.00 1.00 1.00 1.00 1.00 1.00 0 0 1 0 1 20.00 20.40 0.19 0.19 1.00 1.00 1.00 1.00 1.00 1.00 1 0 1 0 1 20.00 17.70 0.26 0.26 1.00 1.00 1.00 1.00 1.00 1.00 
754756 6:1:51 0 0 1 60 1 0 0 22.00 19.60 1.00 1.00 1.00 1.00 1.00 1.00 1.00 1.00 0 0 1 1 0 20.00 20.40 0.19 0.19 1.00 1.00 1.00 1.00 1.00 1.00 1 60 1 0 0 20.00 17.70 0.26 0.26 1.00 1.00 1.00 1.00 1.00 1.00 
759201 7:15:56 0 0 1 4505 1 0 0 22.00 21.00 1.00 1.00 1.00 1.00 1.00 1.00 1.00 1.00 0 0 1 1 1 20.00 20.50 0.19 0.19 1.00 1.00 1.00 1.00 1.00 1.00 1 4505 1 1 0 20.00 19.80 0.26 0.26 1.00 1.00 1.00 1.00 1.00 1.00 
764972 8:52:7 1 0 0 0 1 1 0 22.00 21.80 1.00 1.00 1.00 1.00 1.00 1.00 1.00 1.00 0 0 1 1 1 20.00 20.50 0.19 0.19 1.00 1.00 1.00 1.00 1.00 1.00 0 0 1 1 1 20.00 20.10 0.26 0.21 1.00 1.00 1.00 1.00 1.00 1.00 
764972 8:52:7 1 0 0 0 1 1 0 22.00 21.80 1.00 1.00 1.00 1.00 1.00 1.00 1.00 1.00 0 0 1 1 1 20.00 20.50 0.19 0.19 1.00 1.00 1.00 1.00 1.00 1.00 0 0 1 1 1 20.00 20.10 0.26 0.21 1.00 1.00 1.00 1.00 1.00 1.00 
841104 6:0:59 0 1 1 0 1 0 1 22.00 19.90 1.00 1.00 1.00 1.00 1.00 1.00 1.00 1.00 0 0 1 0 1 20.00 20.50 0.19 0.19 1.00 1.00 1.00 1.00 1.00 1.00 1 0 1 0 1 20.00 17.70 0.21 0.21 1.00 1.00 1.00 1.00 1.00 1.00 
841104 6:0:59 0 1 1 0 1 0 1 22.00 19.90 1.00 1.00 1.00 1.00 1.00 1.00 1.00 1.00 0 0 1 0 1 20.00 20.50 0.19 0.19 1.00 1.00 1.00 1.00 1.00 1.00 1 0 1 0 1 20.00 17.70 0.21 0.21 1.00 1.00 1.00 1.00 1.00 1.00 
841164 6:1:59 0 0 1 60 1 0 0 22.00 19.90 1.00 1.00 1.00 1.00 1.00 1.00 1.00 1.00 0 0 1 1 0 20.00 20.50 0.19 0.19 1.00 1.00 1.00 1.00 1.00 1.00 1 60 1 0 0 20.00 17.60 0.21 0.21 1.00 1.00 1.00 1.00 1.00 1.00 
845851 7:20:6 0 0 1 4747 1 0 0 22.00 21.50 1.00 1.00 1.00 1.00 1.00 1.00 1.00 1.00 0 0 1 1 1 20.00 20.50 0.19 0.19 1.00 1.00 1.00 1.00 1.00 1.00 1 4747 1 1 0 20.00 19.80 0.21 0.21 1.00 1.00 1.00 1.00 1.00 1.00 
847473 7:47:8 1 0 0 0 1 1 0 22.00 21.80 1.00 1.00 1.00 1.00 1.00 1.00 1.00 1.00 0 0 1 1 1 20.00 20.50 0.19 0.19 1.00 1.00 1.00 1.00 1.00 1.00 0 0 1 1 1 20.00 20.20 0.21 0.21 1.00 1.00 1.00 1.00 1.00 1.00 
847473 7:47:8 1 0 0 0 1 1 0 22.00 21.80 1.00 1.00 1.00 1.00 1.00 1.00 1.00 1.00 0 0 1 1 1 20.00 20.50 0.19 0.19 1.00 1.00 1.00 1.00 1.00 1.00 0 0 1 1 1 20.00 20.20 0.21 0.21 1.00 1.00 1.00 1.00 1.00 1.00 
927488 6:0:43 0 1 1 0 1 0 1 22.00 20.20 1.00 1.00 1.00 1.00 1.00 1.00 1.00 1.00 0 0 1 0 1 20.00 20.50 0.19 0.19 1.00 1.00 1.00 1.00 1.00 1.00 1 0 1 0 1 20.00 18.20 0.21 0.21 1.00 1.00 1.00 1.00 1.00 1.00 
927488 6:0:43 0 1 1 0 1 0 1 22.00 20.20 1.00 1.00 1.00 1.00 1.00 1.00 1.00 1.00 0 0 1 0 1 20.00 20.50 0.19 0.19 1.00 1.00 1.00 1.00 1.00 1.00 1 0 1 0 1 20.00 18.20 0.21 0.21 1.00 1.00 1.00 1.00 1.00 1.00 
927549 6:1:44 0 0 1 60 1 0 0 22.00 20.20 1.00 1.00 1.00 1.00 1.00 1.00 1.00 1.00 0 0 1 1 0 20.00 20.50 0.19 0.19 1.00 1.00 1.00 1.00 1.00 1.00 1 60 1 0 0 20.00 18.20 0.21 0.21 1.00 1.00 1.00 1.00 1.00 1.00 
931215 7:2:50 0 0 1 3727 1 0 0 22.00 21.30 1.00 1.00 1.00 1.00 1.00 1.00 1.00 1.00 0 0 1 1 1 20.00 20.50 0.19 0.19 1.00 1.00 1.00 1.00 1.00 1.00 1 3727 1 1 0 20.00 19.80 0.21 0.21 1.00 1.00 1.00 1.00 1.00 1.00 
933319 7:37:54 1 0 0 0 1 1 0 22.00 21.80 1.00 1.00 1.00 1.00 1.00 1.00 1.00 1.00 0 0 1 1 1 20.00 20.70 0.19 0.19 1.00 1.00 1.00 1.00 1.00 1.00 0 0 1 1 1 20.00 20.90 0.21 0.18 1.00 1.00 1.00 1.00 1.00 1.00 
933319 7:37:54 1 0 0 0 1 1 0 22.00 21.80 1.00 1.00 1.00 1.00 1.00 1.00 1.00 1.00 0 0 1 1 1 20.00 20.70 0.19 0.19 1.00 1.00 1.00 1.00 1.00 1.00 0 0 1 1 1 20.00 20.90 0.21 0.18 1.00 1.00 1.00 1.00 1.00 1.00 
1013851 6:0:6 0 1 1 0 1 0 1 22.00 20.50 1.00 1.00 1.00 1.00 1.00 1.00 1.00 1.00 0 0 1 0 1 20.00 20.90 0.19 0.19 1.00 1.00 1.00 1.00 1.00 1.00 1 0 1 0 1 20.00 18.50 0.18 0.18 1.00 1.00 1.00 1.00 1.00 1.00 
1013851 6:0:6 0 1 1 0 1 0 1 22.00 20.50 1.00 1.00 1.00 1.00 1.00 1.00 1.00 1.00 0 0 1 0 1 20.00 20.90 0.19 0.19 1.00 1.00 1.00 1.00 1.00 1.00 1 0 1 0 1 20.00 18.50 0.18 0.18 1.00 1.00 1.00 1.00 1.00 1.00 
1013911 6:1:6 0 0 1 60 1 0 0 22.00 20.50 1.00 1.00 1.00 1.00 1.00 1.00 1.00 1.00 0 0 1 1 0 20.00 20.90 0.19 0.19 1.00 1.00 1.00 1.00 1.00 1.00 1 60 1 0 0 20.00 18.50 0.18 0.18 1.00 1.00 1.00 1.00 1.00 1.00 
1017278 6:57:13 0 0 1 3427 1 0 0 22.00 21.50 1.00 1.00 1.00 1.00 1.00 1.00 1.00 1.00 0 0 1 1 1 20.00 20.90 0.19 0.19 1.00 1.00 1.00 1.00 1.00 1.00 1 3427 1 1 0 20.00 19.80 0.18 0.18 1.00 1.00 1.00 1.00 1.00 1.00 
1018962 7:25:17 1 0 0 0 1 1 0 22.00 21.80 1.00 1.00 1.00 1.00 1.00 1.00 1.00 1.00 0 0 1 1 1 20.00 20.90 0.19 0.19 1.00 1.00 1.00 1.00 1.00 1.00 0 0 1 1 1 20.00 20.20 0.18 0.16 1.00 1.00 1.00 1.00 1.00 1.00 
1018962 7:25:17 1 0 0 0 1 1 0 22.00 21.80 1.00 1.00 1.00 1.00 1.00 1.00 1.00 1.00 0 0 1 1 1 20.00 20.90 0.19 0.19 1.00 1.00 1.00 1.00 1.00 1.00 0 0 1 1 1 20.00 20.20 0.18 0.16 1.00 1.00 1.00 1.00 1.00 1.00 
1100266 6:0:21 0 1 1 0 1 0 1 22.00 20.50 1.00 1.00 1.00 1.00 1.00 1.00 1.00 1.00 0 0 1 0 1 20.00 19.30 0.19 0.19 1.00 1.00 1.00 1.00 1.00 1.00 0 0 1 0 1 20.00 23.10 0.16 0.16 1.00 1.00 1.00 1.00 1.00 1.00 
1100266 6:0:21 0 1 1 0 1 0 1 22.00 20.50 1.00 1.00 1.00 1.00 1.00 1.00 1.00 1.00 0 0 1 0 1 20.00 19.30 0.19 0.19 1.00 1.00 1.00 1.00 1.00 1.00 0 0 1 0 1 20.00 23.10 0.16 0.16 1.00 1.00 1.00 1.00 1.00 1.00 
1100326 6:1:21 0 0 1 60 1 0 0 22.00 20.50 1.00 1.00 1.00 1.00 1.00 1.00 1.00 1.00 0 0 1 0 0 20.00 19.30 0.19 0.19 1.00 1.00 1.00 1.00 1.00 1.00 0 0 1 1 0 20.00 23.10 0.16 0.16 1.00 1.00 1.00 1.00 1.00 1.00 
1102068 6:30:23 0 0 1 1802 1 0 0 22.00 20.70 1.00 1.00 1.00 1.00 1.00 1.00 1.00 1.00 0 0 1 1 0 20.00 19.80 0.19 0.19 1.00 1.00 1.00 1.00 1.00 1.00 0 0 1 1 1 20.00 23.10 0.16 0.16 1.00 1.00 1.00 1.00 1.00 1.00 
1105793 7:32:28 1 0 0 0 1 1 0 22.00 21.80 1.00 1.00 1.00 1.00 1.00 1.00 1.00 1.00 0 0 1 1 1 20.00 20.50 0.19 0.19 1.00 1.00 1.00 1.00 1.00 1.00 0 0 1 1 1 20.00 23.10 0.16 0.16 1.00 1.00 1.00 1.00 1.00 1.00 
1105793 7:32:28 1 0 0 0 1 1 0 22.00 21.80 1.00 1.00 1.00 1.00 1.00 1.00 1.00 1.00 0 0 1 1 1 20.00 20.50 0.19 0.19 1.00 1.00 1.00 1.00 1.00 1.00 0 0 1 1 1 20.00 23.10 0.16 0.16 1.00 1.00 1.00 1.00 1.00 1.00 
