54135 6:0:26 0 1 1 0 1 0 1 22.00 20.10 1.00 1.00 1.00 1.00 1.00 1.00 1.00 1.00 1 0 1 0 1 20.00 18.50 1.00 1.00 1.00 1.00 1.00 1.00 1.00 1.00 0 0 1 0 1 20.00 19.50 1.00 1.00 1.00 1.00 1.00 1.00 1.00 1.00 
54135 6:0:26 0 1 1 0 1 0 1 22.00 20.10 1.00 1.00 1.00 1.00 1.00 1.00 1.00 1.00 1 0 1 0 1 20.00 18.50 1.00 1.00 1.00 1.00 1.00 1.00 1.00 1.00 0 0 1 0 1 20.00 19.50 1.00 1.00 1.00 1.00 1.00 1.00 1.00 1.00 
55756 6:27:27 0 0 1 1621 1 0 0 22.00 20.50 1.00 1.00 1.00 1.00 1.00 1.00 1.00 1.00 1 1621 1 0 0 20.00 18.80 1.00 1.00 1.00 1.00 1.00 1.00 1.00 1.00 0 0 1 1 0 20.00 19.80 1.00 1.00 1.00 1.00 1.00 1.00 1.00 1.00 
57979 7:4:30 0 0 1 3844 1 0 0 22.00 21.50 1.00 1.00 1.00 1.00 1.00 1.00 1.00 1.00 1 3844 1 1 0 20.00 19.80 1.00 1.00 1.00 1.00 1.00 1.00 1.00 1.00 0 0 1 1 1 20.00 20.90 1.00 1.00 1.00 1.00 1.00 1.00 1.00 1.00 
59661 7:32:32 1 0 0 0 1 1 0 22.00 21.80 1.00 1.00 1.00 1.00 1.00 1.00 1.00 1.00 0 0 1 1 1 20.00 20.10 1.00 1.00 1.00 1.00 1.00 1.00 1.00 1.00 0 0 1 1 1 20.00 21.20 1.00 1.00 1.00 1.00 1.00 1.00 1.00 1.00 
59661 7:32:32 1 0 0 0 1 1 0 22.00 21.80 1.00 1.00 1.00 1.00 1.00 1.00 1.00 1.00 0 0 1 1 1 20.00 20.10 1.00 1.00 1.00 1.00 1.00 1.00 1.00 1.00 0 0 1 1 1 20.00 21.20 1.00 1.00 1.00 1.00 1.00 1.00 1.00 1.00 
140525 6:0:16 0 1 1 0 1 0 1 22.00 20.10 1.00 1.00 1.00 1.00 1.00 1.00 1.00 1.00 1 0 1 0 1 20.00 18.20 1.00 1.00 1.00 1.00 1.00 1.00 1.00 1.00 1 0 1 0 1 20.00 17.10 1.00 1.00 1.00 1.00 1.00 1.00 1.00 1.00 
140525 6:0:16 0 1 1 0 1 0 1 22.00 20.10 1.00 1.00 1.00 1.00 1.00 1.00 1.00 1.00 1 0 1 0 1 20.00 18.20 1.00 1.00 1.00 1.00 1.00 1.00 1.00 1.00 1 0 1 0 1 20.00 17.10 1.00 1.00 1.00 1.00 1.00 1.00 1.00 1.00 
145037 7:15:28 0 0 1 4512 1 0 0 22.00 21.60 1.00 1.00 1.00 1.00 1.00 1.00 1.00 1.00 1 4512 1 1 0 20.00 19.80 1.00 1.00 1.00 1.00 1.00 1.00 1.00 1.00 1 4512 1 0 0 20.00 19.10 1.00 1.00 1.00 1.00 1.00 1.00 1.00 1.00 
145819 7:28:30 0 0 1 5293 1 1 0 22.00 21.80 1.00 1.00 1.00 1.00 1.00 1.00 1.00 1.00 1 4512 1 1 1 20.00 19.90 1.00 1.00 1.00 1.00 1.00 1.00 1.00 1.00 1 5293 1 0 0 20.00 19.30 1.00 1.00 1.00 1.00 1.00 1.00 1.00 1.00 
147201 7:51:32 1 0 0 0 1 1 1 22.00 22.00 1.00 0.81 1.00 1.00 1.00 1.00 1.00 1.00 0 0 1 1 1 20.00 20.20 1.00 0.61 1.00 1.00 1.00 1.00 1.00 1.00 0 0 1 1 0 20.00 19.80 1.00 1.00 1.00 1.00 1.00 1.00 1.00 1.00 
147201 7:51:32 1 0 0 0 1 1 1 22.00 22.00 1.00 0.81 1.00 1.00 1.00 1.00 1.00 1.00 0 0 1 1 1 20.00 20.20 1.00 0.61 1.00 1.00 1.00 1.00 1.00 1.00 0 0 1 1 0 20.00 19.80 1.00 1.00 1.00 1.00 1.00 1.00 1.00 1.00 
226931 6:0:22 0 1 1 0 1 0 1 22.00 19.60 0.81 0.81 1.00 1.00 1.00 1.00 1.00 1.00 1 0 1 0 1 20.00 17.60 0.61 0.61 1.00 1.00 1.00 1.00 1.00 1.00 1 0 1 0 1 20.00 17.70 1.00 1.00 1.00 1.00 1.00 1.00 1.00 1.00 
226931 6:0:22 0 1 1 0 1 0 1 22.00 19.60 0.81 0.81 1.00 1.00 1.00 1.00 1.00 1.00 1 0 1 0 1 20.00 17.60 0.61 0.61 1.00 1.00 1.00 1.00 1.00 1.00 1 0 1 0 1 20.00 17.70 1.00 1.00 1.00 1.00 1.00 1.00 1.00 1.00 
232821 7:38:32 0 0 1 5890 1 0 0 22.00 21.60 0.81 0.81 1.00 1.00 1.00 1.00 1.00 1.00 1 5890 1 1 0 20.00 19.80 0.61 0.61 1.00 1.00 1.00 1.00 1.00 1.00 1 5890 1 0 0 20.00 19.00 1.00 1.00 1.00 1.00 1.00 1.00 1.00 1.00 
233362 7:47:33 0 0 1 6431 1 1 0 22.00 21.80 0.81 0.81 1.00 1.00 1.00 1.00 1.00 1.00 1 5890 1 1 1 20.00 19.80 0.61 0.61 1.00 1.00 1.00 1.00 1.00 1.00 1 6431 1 0 0 20.00 19.00 1.00 1.00 1.00 1.00 1.00 1.00 1.00 1.00 
238291 9:9:42 1 0 0 0 1 1 1 22.00 22.70 0.81 0.81 1.00 1.00 1.00 1.00 1.00 1.00 0 0 1 1 1 20.00 20.20 0.61 0.61 1.00 1.00 1.00 1.00 1.00 1.00 0 0 1 1 0 20.00 19.80 1.00 1.00 1.00 1.00 1.00 1.00 1.00 1.00 
238291 9:9:42 1 0 0 0 1 1 1 22.00 22.70 0.81 0.81 1.00 1.00 1.00 1.00 1.00 1.00 0 0 1 1 1 20.00 20.20 0.61 0.61 1.00 1.00 1.00 1.00 1.00 1.00 0 0 1 1 0 20.00 19.80 1.00 1.00 1.00 1.00 1.00 1.00 1.00 1.00 
313344 6:0:35 0 1 1 0 1 0 1 22.00 19.10 0.81 0.81 1.00 1.00 1.00 1.00 1.00 1.00 1 0 1 0 1 20.00 17.30 0.61 0.61 1.00 1.00 1.00 1.00 1.00 1.00 1 0 1 0 1 20.00 16.90 1.00 1.00 1.00 1.00 1.00 1.00 1.00 1.00 
313344 6:0:35 0 1 1 0 1 0 1 22.00 19.10 0.81 0.81 1.00 1.00 1.00 1.00 1.00 1.00 1 0 1 0 1 20.00 17.30 0.61 0.61 1.00 1.00 1.00 1.00 1.00 1.00 1 0 1 0 1 20.00 16.90 1.00 1.00 1.00 1.00 1.00 1.00 1.00 1.00 
318210 7:21:41 0 0 1 4866 1 1 0 22.00 21.80 0.81 0.81 1.00 1.00 1.00 1.00 1.00 1.00 1 4866 1 0 0 20.00 19.50 0.61 0.61 1.00 1.00 1.00 1.00 1.00 1.00 1 4866 1 0 0 20.00 19.10 1.00 1.00 1.00 1.00 1.00 1.00 1.00 1.00 
319111 7:36:42 0 0 1 4866 1 1 1 22.00 22.10 0.81 0.81 1.00 1.00 1.00 1.00 1.00 1.00 1 5767 1 1 0 20.00 19.80 0.61 0.61 1.00 1.00 1.00 1.00 1.00 1.00 1 5767 1 0 0 20.00 19.30 1.00 1.00 1.00 1.00 1.00 1.00 1.00 1.00 
320313 7:56:44 1 0 0 0 1 1 1 22.00 22.60 0.81 0.64 1.00 1.00 1.00 1.00 1.00 1.00 0 0 1 1 1 20.00 20.10 0.61 0.61 1.00 1.00 1.00 1.00 1.00 1.00 0 0 1 1 0 20.00 19.80 1.00 1.00 1.00 1.00 1.00 1.00 1.00 1.00 
320313 7:56:44 1 0 0 0 1 1 1 22.00 22.60 0.81 0.64 1.00 1.00 1.00 1.00 1.00 1.00 0 0 1 1 1 20.00 20.10 0.61 0.61 1.00 1.00 1.00 1.00 1.00 1.00 0 0 1 1 0 20.00 19.80 1.00 1.00 1.00 1.00 1.00 1.00 1.00 1.00 
399737 6:0:28 0 1 1 0 1 0 1 22.00 18.80 0.64 0.64 1.00 1.00 1.00 1.00 1.00 1.00 1 0 1 0 1 20.00 16.90 0.61 0.61 1.00 1.00 1.00 1.00 1.00 1.00 1 0 1 0 1 20.00 17.10 1.00 1.00 1.00 1.00 1.00 1.00 1.00 1.00 
399737 6:0:28 0 1 1 0 1 0 1 22.00 18.80 0.64 0.64 1.00 1.00 1.00 1.00 1.00 1.00 1 0 1 0 1 20.00 16.90 0.61 0.61 1.00 1.00 1.00 1.00 1.00 1.00 1 0 1 0 1 20.00 17.10 1.00 1.00 1.00 1.00 1.00 1.00 1.00 1.00 
405447 7:35:38 0 0 1 5710 1 1 0 22.00 21.80 0.64 0.64 1.00 1.00 1.00 1.00 1.00 1.00 1 5710 1 0 0 20.00 19.30 0.61 0.61 1.00 1.00 1.00 1.00 1.00 1.00 1 5710 1 0 0 20.00 19.30 1.00 1.00 1.00 1.00 1.00 1.00 1.00 1.00 
406529 7:53:40 0 0 1 5710 1 1 1 22.00 22.10 0.64 0.64 1.00 1.00 1.00 1.00 1.00 1.00 1 6791 1 1 0 20.00 19.80 0.61 0.61 1.00 1.00 1.00 1.00 1.00 1.00 1 6791 1 0 0 20.00 19.50 1.00 1.00 1.00 1.00 1.00 1.00 1.00 1.00 
408511 8:26:42 1 0 0 0 1 1 1 22.00 22.60 0.64 0.64 1.00 1.00 1.00 1.00 1.00 1.00 0 0 1 1 1 20.00 20.20 0.61 0.61 1.00 1.00 1.00 1.00 1.00 1.00 0 0 1 1 0 20.00 19.80 1.00 1.00 1.00 1.00 1.00 1.00 1.00 1.00 
408511 8:26:42 1 0 0 0 1 1 1 22.00 22.60 0.64 0.64 1.00 1.00 1.00 1.00 1.00 1.00 0 0 1 1 1 20.00 20.20 0.61 0.61 1.00 1.00 1.00 1.00 1.00 1.00 0 0 1 1 0 20.00 19.80 1.00 1.00 1.00 1.00 1.00 1.00 1.00 1.00 
486133 6:0:24 0 1 1 0 1 0 1 22.00 18.70 0.64 0.64 1.00 1.00 1.00 1.00 1.00 1.00 1 0 1 0 1 20.00 17.40 0.61 0.61 1.00 1.00 1.00 1.00 1.00 1.00 1 0 1 0 1 20.00 17.90 1.00 1.00 1.00 1.00 1.00 1.00 1.00 1.00 
486133 6:0:24 0 1 1 0 1 0 1 22.00 18.70 0.64 0.64 1.00 1.00 1.00 1.00 1.00 1.00 1 0 1 0 1 20.00 17.40 0.61 0.61 1.00 1.00 1.00 1.00 1.00 1.00 1 0 1 0 1 20.00 17.90 1.00 1.00 1.00 1.00 1.00 1.00 1.00 1.00 
489378 6:54:29 0 0 1 3245 1 0 0 22.00 20.50 1.00 0.64 1.00 1.00 1.00 1.00 1.00 1.00 1 3245 1 0 0 20.00 18.70 0.96 0.61 1.00 1.00 1.00 1.00 1.00 1.00 1 3245 1 1 0 20.00 19.80 1.00 1.00 1.00 1.00 1.00 1.00 1.00 1.00 
492205 7:41:36 0 0 1 6072 1 1 0 22.00 21.80 1.00 0.64 1.00 1.00 1.00 1.00 1.00 1.00 1 6072 1 0 0 20.00 19.60 0.96 0.61 1.00 1.00 1.00 1.00 1.00 1.00 1 3245 1 1 1 20.00 21.30 1.00 1.00 1.00 1.00 1.00 1.00 1.00 1.00 
492265 7:42:36 1 0 0 0 1 1 1 22.00 21.80 0.64 0.72 1.00 1.00 1.00 1.00 1.00 1.00 0 0 1 1 0 20.00 19.80 0.61 0.69 1.00 1.00 1.00 1.00 1.00 1.00 0 0 1 1 1 20.00 21.30 1.00 1.00 1.00 1.00 1.00 1.00 1.00 1.00 
492265 7:42:36 1 0 0 0 1 1 1 22.00 21.80 0.64 0.72 1.00 1.00 1.00 1.00 1.00 1.00 0 0 1 1 0 20.00 19.80 0.61 0.69 1.00 1.00 1.00 1.00 1.00 1.00 0 0 1 1 1 20.00 21.30 1.00 1.00 1.00 1.00 1.00 1.00 1.00 1.00 
572547 6:0:38 0 1 1 0 1 0 1 22.00 19.00 0.72 0.72 1.00 1.00 1.00 1.00 1.00 1.00 1 0 1 0 1 20.00 17.10 0.69 0.69 1.00 1.00 1.00 1.00 1.00 1.00 1 0 1 0 1 20.00 16.80 1.00 1.00 1.00 1.00 1.00 1.00 1.00 1.00 
572547 6:0:38 0 1 1 0 1 0 1 22.00 19.00 0.72 0.72 1.00 1.00 1.00 1.00 1.00 1.00 1 0 1 0 1 20.00 17.10 0.69 0.69 1.00 1.00 1.00 1.00 1.00 1.00 1 0 1 0 1 20.00 16.80 1.00 1.00 1.00 1.00 1.00 1.00 1.00 1.00 
577597 7:24:48 0 0 1 5050 1 0 0 22.00 21.50 1.00 0.72 1.00 1.00 1.00 1.00 1.00 1.00 1 5050 1 0 0 20.00 19.00 0.96 0.69 1.00 1.00 1.00 1.00 1.00 1.00 1 5050 1 1 0 20.00 19.80 1.00 1.00 1.00 1.00 1.00 1.00 1.00 1.00 
579219 7:51:50 0 0 1 6672 1 1 0 22.00 21.80 1.00 0.72 1.00 1.00 1.00 1.00 1.00 1.00 1 6672 1 0 0 20.00 19.30 0.96 0.69 1.00 1.00 1.00 1.00 1.00 1.00 1 5050 1 1 1 20.00 20.20 1.00 1.00 1.00 1.00 1.00 1.00 1.00 1.00 
580901 8:19:52 1 0 0 0 1 1 1 22.00 22.10 0.72 0.90 1.00 1.00 1.00 1.00 1.00 1.00 0 0 1 1 0 20.00 19.80 0.69 0.86 1.00 1.00 1.00 1.00 1.00 1.00 0 0 1 1 1 20.00 20.50 1.00 1.00 1.00 1.00 1.00 1.00 1.00 1.00 
580901 8:19:52 1 0 0 0 1 1 1 22.00 22.10 0.72 0.90 1.00 1.00 1.00 1.00 1.00 1.00 0 0 1 1 0 20.00 19.80 0.69 0.86 1.00 1.00 1.00 1.00 1.00 1.00 0 0 1 1 1 20.00 20.50 1.00 1.00 1.00 1.00 1.00 1.00 1.00 1.00 
658946 6:0:37 0 1 1 0 1 0 1 22.00 18.40 0.90 0.90 1.00 1.00 1.00 1.00 1.00 1.00 1 0 1 0 1 20.00 17.30 0.86 0.86 1.00 1.00 1.00 1.00 1.00 1.00 1 0 1 0 1 20.00 16.80 1.00 1.00 1.00 1.00 1.00 1.00 1.00 1.00 
658946 6:0:37 0 1 1 0 1 0 1 22.00 18.40 0.90 0.90 1.00 1.00 1.00 1.00 1.00 1.00 1 0 1 0 1 20.00 17.30 0.86 0.86 1.00 1.00 1.00 1.00 1.00 1.00 1 0 1 0 1 20.00 16.80 1.00 1.00 1.00 1.00 1.00 1.00 1.00 1.00 
662671 7:2:42 0 0 1 3725 1 0 0 22.00 20.10 1.00 0.90 1.00 1.00 1.00 1.00 1.00 1.00 1 3725 1 0 0 20.00 18.70 0.96 0.86 1.00 1.00 1.00 1.00 1.00 1.00 1 3725 1 1 0 20.00 19.80 1.00 1.00 1.00 1.00 1.00 1.00 1.00 1.00 
665735 7:53:46 0 0 1 6789 1 0 0 22.00 21.20 1.00 0.90 1.00 1.00 1.00 1.00 1.00 1.00 1 6789 1 1 0 20.00 19.80 0.96 0.86 1.00 1.00 1.00 1.00 1.00 1.00 1 3725 1 1 1 20.00 21.50 1.00 1.00 1.00 1.00 1.00 1.00 1.00 1.00 
667116 8:16:47 1 0 0 0 1 1 0 22.00 21.80 0.90 1.00 1.00 1.00 1.00 1.00 1.00 1.00 0 0 1 1 1 20.00 20.10 0.86 0.86 1.00 1.00 1.00 1.00 1.00 1.00 0 0 1 1 1 20.00 21.20 1.00 0.65 1.00 1.00 1.00 1.00 1.00 1.00 
667116 8:16:47 1 0 0 0 1 1 0 22.00 21.80 0.90 1.00 1.00 1.00 1.00 1.00 1.00 1.00 0 0 1 1 1 20.00 20.10 0.86 0.86 1.00 1.00 1.00 1.00 1.00 1.00 0 0 1 1 1 20.00 21.20 1.00 0.65 1.00 1.00 1.00 1.00 1.00 1.00 
745356 6:0:47 0 1 1 0 1 0 1 22.00 18.70 1.00 1.00 1.00 1.00 1.00 1.00 1.00 1.00 1 0 1 0 1 20.00 16.90 0.86 0.86 1.00 1.00 1.00 1.00 1.00 1.00 1 0 1 0 1 20.00 17.10 0.65 0.65 1.00 1.00 1.00 1.00 1.00 1.00 
745356 6:0:47 0 1 1 0 1 0 1 22.00 18.70 1.00 1.00 1.00 1.00 1.00 1.00 1.00 1.00 1 0 1 0 1 20.00 16.90 0.86 0.86 1.00 1.00 1.00 1.00 1.00 1.00 1 0 1 0 1 20.00 17.10 0.65 0.65 1.00 1.00 1.00 1.00 1.00 1.00 
751373 7:41:4 0 0 1 6018 1 0 0 22.00 20.90 1.00 1.00 1.00 1.00 1.00 1.00 1.00 1.00 1 6018 1 0 0 20.00 18.70 0.86 0.86 1.00 1.00 1.00 1.00 1.00 1.00 1 6018 1 1 0 20.00 19.80 0.65 0.65 1.00 1.00 1.00 1.00 1.00 1.00 
754977 8:41:8 0 0 1 9622 1 1 0 22.00 21.80 1.00 1.00 1.00 1.00 1.00 1.00 1.00 1.00 1 9622 1 0 0 20.00 19.60 0.86 0.86 1.00 1.00 1.00 1.00 1.00 1.00 1 6018 1 1 1 20.00 20.40 0.65 0.65 1.00 1.00 1.00 1.00 1.00 1.00 
756059 8:59:10 1 0 0 0 1 1 1 22.00 22.10 1.00 1.00 1.00 1.00 1.00 1.00 1.00 1.00 0 0 1 1 0 20.00 19.80 0.86 0.88 1.00 1.00 1.00 1.00 1.00 1.00 0 0 1 1 1 20.00 20.50 0.65 0.65 1.00 1.00 1.00 1.00 1.00 1.00 
756059 8:59:10 1 0 0 0 1 1 1 22.00 22.10 1.00 1.00 1.00 1.00 1.00 1.00 1.00 1.00 0 0 1 1 0 20.00 19.80 0.86 0.88 1.00 1.00 1.00 1.00 1.00 1.00 0 0 1 1 1 20.00 20.50 0.65 0.65 1.00 1.00 1.00 1.00 1.00 1.00 
831764 6:0:55 0 1 1 0 1 0 1 22.00 18.80 1.00 1.00 1.00 1.00 1.00 1.00 1.00 1.00 1 0 1 0 1 20.00 17.30 0.88 0.88 1.00 1.00 1.00 1.00 1.00 1.00 1 0 1 0 1 20.00 17.10 0.65 0.65 1.00 1.00 1.00 1.00 1.00 1.00 
831764 6:0:55 0 1 1 0 1 0 1 22.00 18.80 1.00 1.00 1.00 1.00 1.00 1.00 1.00 1.00 1 0 1 0 1 20.00 17.30 0.88 0.88 1.00 1.00 1.00 1.00 1.00 1.00 1 0 1 0 1 20.00 17.10 0.65 0.65 1.00 1.00 1.00 1.00 1.00 1.00 
838017 7:45:8 0 0 1 6253 1 0 0 22.00 21.60 1.00 1.00 1.00 1.00 1.00 1.00 1.00 1.00 1 6253 1 0 0 20.00 19.10 0.88 0.88 1.00 1.00 1.00 1.00 1.00 1.00 1 6253 1 1 0 20.00 19.80 0.65 0.65 1.00 1.00 1.00 1.00 1.00 1.00 
838378 7:51:9 0 0 1 6614 1 1 0 22.00 21.80 1.00 1.00 1.00 1.00 1.00 1.00 1.00 1.00 1 6614 1 0 0 20.00 19.30 0.88 0.88 1.00 1.00 1.00 1.00 1.00 1.00 1 6253 1 1 1 20.00 19.80 0.65 0.65 1.00 1.00 1.00 1.00 1.00 1.00 
840905 8:33:16 1 0 0 0 1 1 1 22.00 22.60 1.00 0.87 1.00 1.00 1.00 1.00 1.00 1.00 0 0 1 1 0 20.00 19.80 0.88 1.00 1.00 1.00 1.00 1.00 1.00 1.00 0 0 1 1 1 20.00 20.20 0.65 0.65 1.00 1.00 1.00 1.00 1.00 1.00 
840905 8:33:16 1 0 0 0 1 1 1 22.00 22.60 1.00 0.87 1.00 1.00 1.00 1.00 1.00 1.00 0 0 1 1 0 20.00 19.80 0.88 1.00 1.00 1.00 1.00 1.00 1.00 1.00 0 0 1 1 1 20.00 20.20 0.65 0.65 1.00 1.00 1.00 1.00 1.00 1.00 
918117 6:0:8 0 1 1 0 1 0 1 22.00 19.00 0.87 0.87 1.00 1.00 1.00 1.00 1.00 1.00 1 0 1 0 1 20.00 17.10 1.00 1.00 1.00 1.00 1.00 1.00 1.00 1.00 1 0 1 0 1 20.00 17.30 0.65 0.65 1.00 1.00 1.00 1.00 1.00 1.00 
918117 6:0:8 0 1 1 0 1 0 1 22.00 19.00 0.87 0.87 1.00 1.00 1.00 1.00 1.00 1.00 1 0 1 0 1 20.00 17.10 1.00 1.00 1.00 1.00 1.00 1.00 1.00 1.00 1 0 1 0 1 20.00 17.30 0.65 0.65 1.00 1.00 1.00 1.00 1.00 1.00 
924607 7:48:18 0 0 1 6490 1 0 0 22.00 21.20 0.87 0.87 1.00 1.00 1.00 1.00 1.00 1.00 1 6490 1 0 0 20.00 19.30 1.00 1.00 1.00 1.00 1.00 1.00 1.00 1.00 1 6490 1 1 0 20.00 19.80 0.65 0.65 1.00 1.00 1.00 1.00 1.00 1.00 
926293 8:16:24 0 0 1 8175 1 0 0 22.00 21.50 0.87 0.87 1.00 1.00 1.00 1.00 1.00 1.00 1 8175 1 1 0 20.00 19.80 1.00 1.00 1.00 1.00 1.00 1.00 1.00 1.00 1 6490 1 1 1 20.00 20.10 0.65 0.65 1.00 1.00 1.00 1.00 1.00 1.00 
927975 8:44:26 1 0 0 0 1 1 0 22.00 21.80 0.87 0.87 1.00 1.00 1.00 1.00 1.00 1.00 0 0 1 1 1 20.00 19.90 1.00 1.00 1.00 1.00 1.00 1.00 1.00 1.00 0 0 1 1 1 20.00 20.40 0.65 0.65 1.00 1.00 1.00 1.00 1.00 1.00 
927975 8:44:26 1 0 0 0 1 1 0 22.00 21.80 0.87 0.87 1.00 1.00 1.00 1.00 1.00 1.00 0 0 1 1 1 20.00 19.90 1.00 1.00 1.00 1.00 1.00 1.00 1.00 1.00 0 0 1 1 1 20.00 20.40 0.65 0.65 1.00 1.00 1.00 1.00 1.00 1.00 
1000923 6:0:14 0 1 1 0 1 0 1 22.00 19.30 0.87 0.87 1.00 1.00 1.00 1.00 1.00 1.00 1 0 1 0 1 20.00 17.30 1.00 1.00 1.00 1.00 1.00 1.00 1.00 1.00 1 0 1 0 1 20.00 17.10 0.65 0.65 1.00 1.00 1.00 1.00 1.00 1.00 
1000923 6:0:14 0 1 1 0 1 0 1 22.00 19.30 0.87 0.87 1.00 1.00 1.00 1.00 1.00 1.00 1 0 1 0 1 20.00 17.30 1.00 1.00 1.00 1.00 1.00 1.00 1.00 1.00 1 0 1 0 1 20.00 17.10 0.65 0.65 1.00 1.00 1.00 1.00 1.00 1.00 
1006355 7:30:46 0 0 1 5432 1 0 0 22.00 21.50 0.87 0.87 1.00 1.00 1.00 1.00 1.00 1.00 1 5432 1 0 0 20.00 19.30 1.00 1.00 1.00 1.00 1.00 1.00 1.00 1.00 1 5432 1 1 0 20.00 19.80 0.65 0.65 1.00 1.00 1.00 1.00 1.00 1.00 
1007676 7:52:47 0 0 1 6753 1 0 0 22.00 21.60 0.87 0.87 1.00 1.00 1.00 1.00 1.00 1.00 1 6753 1 1 0 20.00 19.80 1.00 1.00 1.00 1.00 1.00 1.00 1.00 1.00 1 5432 1 1 1 20.00 20.20 0.65 0.65 1.00 1.00 1.00 1.00 1.00 1.00 
1007857 7:55:48 1 0 0 0 1 1 0 22.00 21.80 0.87 0.86 1.00 1.00 1.00 1.00 1.00 1.00 0 0 1 1 1 20.00 19.80 1.00 1.00 1.00 1.00 1.00 1.00 1.00 1.00 0 0 1 1 1 20.00 20.20 0.65 0.55 1.00 1.00 1.00 1.00 1.00 1.00 
1007857 7:55:48 1 0 0 0 1 1 0 22.00 21.80 0.87 0.86 1.00 1.00 1.00 1.00 1.00 1.00 0 0 1 1 1 20.00 19.80 1.00 1.00 1.00 1.00 1.00 1.00 1.00 1.00 0 0 1 1 1 20.00 20.20 0.65 0.55 1.00 1.00 1.00 1.00 1.00 1.00 
1087340 6:0:31 0 1 1 0 1 0 1 22.00 19.80 0.86 0.86 1.00 1.00 1.00 1.00 1.00 1.00 1 0 1 0 1 20.00 17.30 1.00 1.00 1.00 1.00 1.00 1.00 1.00 1.00 1 0 1 0 1 20.00 17.60 0.55 0.55 1.00 1.00 1.00 1.00 1.00 1.00 
1087340 6:0:31 0 1 1 0 1 0 1 22.00 19.80 0.86 0.86 1.00 1.00 1.00 1.00 1.00 1.00 1 0 1 0 1 20.00 17.30 1.00 1.00 1.00 1.00 1.00 1.00 1.00 1.00 1 0 1 0 1 20.00 17.60 0.55 0.55 1.00 1.00 1.00 1.00 1.00 1.00 
1092448 7:25:39 0 0 1 5109 1 0 0 22.00 21.30 0.86 0.86 1.00 1.00 1.00 1.00 1.00 1.00 1 5109 1 0 0 20.00 19.10 1.00 1.00 1.00 1.00 1.00 1.00 1.00 1.00 1 5109 1 1 0 20.00 19.80 0.55 0.55 1.00 1.00 1.00 1.00 1.00 1.00 
1094250 7:55:41 0 0 1 6911 1 1 0 22.00 21.80 0.86 0.86 1.00 1.00 1.00 1.00 1.00 1.00 1 6911 1 0 0 20.00 19.60 1.00 1.00 1.00 1.00 1.00 1.00 1.00 1.00 1 5109 1 1 1 20.00 20.10 0.55 0.55 1.00 1.00 1.00 1.00 1.00 1.00 
1094611 8:1:42 1 0 0 0 1 1 1 22.00 22.00 0.86 0.85 1.00 1.00 1.00 1.00 1.00 1.00 0 0 1 1 0 20.00 19.80 1.00 1.00 1.00 1.00 1.00 1.00 1.00 1.00 0 0 1 1 1 20.00 20.10 0.55 0.46 1.00 1.00 1.00 1.00 1.00 1.00 
1094611 8:1:42 1 0 0 0 1 1 1 22.00 22.00 0.86 0.85 1.00 1.00 1.00 1.00 1.00 1.00 0 0 1 1 0 20.00 19.80 1.00 1.00 1.00 1.00 1.00 1.00 1.00 1.00 0 0 1 1 1 20.00 20.10 0.55 0.46 1.00 1.00 1.00 1.00 1.00 1.00 
1173739 6:0:30 0 1 1 0 1 0 1 22.00 18.80 0.85 0.85 1.00 1.00 1.00 1.00 1.00 1.00 1 0 1 0 1 20.00 17.10 1.00 1.00 1.00 1.00 1.00 1.00 1.00 1.00 1 0 1 0 1 20.00 17.30 0.46 0.46 1.00 1.00 1.00 1.00 1.00 1.00 
1173739 6:0:30 0 1 1 0 1 0 1 22.00 18.80 0.85 0.85 1.00 1.00 1.00 1.00 1.00 1.00 1 0 1 0 1 20.00 17.10 1.00 1.00 1.00 1.00 1.00 1.00 1.00 1.00 1 0 1 0 1 20.00 17.30 0.46 0.46 1.00 1.00 1.00 1.00 1.00 1.00 
1179326 7:33:37 0 0 1 5587 1 0 0 22.00 20.90 0.85 0.85 1.00 1.00 1.00 1.00 1.00 1.00 1 5587 1 0 0 20.00 19.10 1.00 1.00 1.00 1.00 1.00 1.00 1.00 1.00 1 5587 1 1 0 20.00 19.80 0.46 0.46 1.00 1.00 1.00 1.00 1.00 1.00 
1181488 8:9:39 0 0 1 7749 1 1 0 22.00 21.80 0.85 0.85 1.00 1.00 1.00 1.00 1.00 1.00 1 7749 1 0 0 20.00 19.60 1.00 1.00 1.00 1.00 1.00 1.00 1.00 1.00 1 5587 1 1 1 20.00 20.20 0.46 0.46 1.00 1.00 1.00 1.00 1.00 1.00 
1181609 8:11:40 1 0 0 0 1 1 1 22.00 21.80 0.85 0.85 1.00 1.00 1.00 1.00 1.00 1.00 0 0 1 1 0 20.00 19.80 1.00 1.00 1.00 1.00 1.00 1.00 1.00 1.00 0 0 1 1 1 20.00 20.40 0.46 0.46 1.00 1.00 1.00 1.00 1.00 1.00 
1181609 8:11:40 1 0 0 0 1 1 1 22.00 21.80 0.85 0.85 1.00 1.00 1.00 1.00 1.00 1.00 0 0 1 1 0 20.00 19.80 1.00 1.00 1.00 1.00 1.00 1.00 1.00 1.00 0 0 1 1 1 20.00 20.40 0.46 0.46 1.00 1.00 1.00 1.00 1.00 1.00 
