0 14:58:11 0 0 0 0.000000 0 0.000000 0 0 0 0 0.000000 0 0.000000 0 0 0 0 0.000000 0 0.000000 0 0 0 0 0.000000 0 0.000000 0 0 0 0 0.000000 0 0.000000 0 0 0 0 0.000000 0 0.000000 0 0 0 0 0.000000 0 0.000000 0 0 0 0 0.000000 0 0.000000 0 0 0 0 0.000000 0 0.000000 0 0 0 0 0.000000 0 0.000000 0 0 0 0 0.000000 0 0.000000 0 0 0 0 0.000000 0 0.000000 0 
10993 18:1:24 0 0 0 0.000000 0 0.000000 0 0 0 0 0.000000 0 0.000000 0 0 0 0 0.000000 0 0.000000 0 0 0 0 0.000000 0 0.000000 0 0 0 0 0.000000 0 0.000000 0 0 0 0 0.000000 0 0.000000 0 0 0 0 0.000000 0 0.000000 0 0 0 0 0.000000 0 0.000000 0 0 0 0 0.000000 0 0.000000 0 0 0 0 0.000000 0 0.000000 0 0 0 0 0.000000 0 0.000000 0 0 0 0 0.000000 0 0.000000 0 
54135 6:0:26 1 19 0 0.000000 0 0.000000 0 0 0 0 0.000000 0 0.000000 0 0 0 0 0.000000 0 0.000000 0 0 0 0 0.000000 0 0.000000 0 1 15 0 0.000000 0 0.000000 0 0 0 0 0.000000 0 0.000000 0 0 0 0 0.000000 0 0.000000 0 0 0 0 0.000000 0 0.000000 0 1 5 0 0.000000 0 0.000000 0 0 0 0 0.000000 0 0.000000 0 0 0 0 0.000000 0 0.000000 0 0 0 0 0.000000 0 0.000000 0 
59661 7:32:32 0 19 5526 0.007239 4731 0.008455 0 0 0 0 0.000000 0 0.000000 0 0 0 0 0.000000 0 0.000000 0 0 0 0 0.000000 0 0.000000 0 0 15 5526 0.007804 3844 0.007804 0 0 0 0 0.000000 0 0.000000 0 0 0 0 0.000000 0 0.000000 0 0 0 0 0.000000 0 0.000000 0 0 5 0 0.000000 0 0.000000 0 0 0 0 0.000000 0 0.000000 0 0 0 0 0.000000 0 0.000000 0 0 0 0 0.000000 0 0.000000 0 
59661 7:32:32 0 19 5526 0.007239 4731 0.008455 0 0 0 0 0.000000 0 0.000000 0 0 0 0 0.000000 0 0.000000 0 0 0 0 0.000000 0 0.000000 0 0 15 5526 0.007804 3844 0.007804 0 0 0 0 0.000000 0 0.000000 0 0 0 0 0.000000 0 0.000000 0 0 0 0 0.000000 0 0.000000 0 0 5 0 0.000000 0 0.000000 0 0 0 0 0.000000 0 0.000000 0 0 0 0 0.000000 0 0.000000 0 0 0 0 0.000000 0 0.000000 0 
97391 18:1:22 0 19 5526 0.007239 4731 0.008455 0 0 0 0 0.000000 0 0.000000 0 0 0 0 0.000000 0 0.000000 0 0 0 0 0.000000 0 0.000000 0 0 15 5526 0.007804 3844 0.007804 0 0 0 0 0.000000 0 0.000000 0 0 0 0 0.000000 0 0.000000 0 0 0 0 0.000000 0 0.000000 0 0 5 0 0.000000 0 0.000000 0 0 0 0 0.000000 0 0.000000 0 0 0 0 0.000000 0 0.000000 0 0 0 0 0.000000 0 0.000000 0 
140525 6:0:16 1 19 5526 0.007239 4731 0.008455 0 0 0 0 0.000000 0 0.000000 0 0 0 0 0.000000 0 0.000000 0 0 0 0 0.000000 0 0.000000 0 1 18 5526 0.007804 3844 0.007804 0 0 0 0 0.000000 0 0.000000 0 0 0 0 0.000000 0 0.000000 0 0 0 0 0.000000 0 0.000000 0 1 29 0 0.000000 0 0.000000 0 0 0 0 0.000000 0 0.000000 0 0 0 0 0.000000 0 0.000000 0 0 0 0 0.000000 0 0.000000 0 
147201 7:51:32 0 19 5430 0.007366 5264 0.007599 -353 0 0 0 0.000000 0 0.000000 0 0 0 0 0.000000 0 0.000000 0 0 0 0 0.000000 0 0.000000 0 0 18 4085 0.007342 5090 0.005894 -427 0 0 0 0.000000 0 0.000000 0 0 0 0 0.000000 0 0.000000 0 0 0 0 0.000000 0 0.000000 0 0 29 6676 0.004494 5829 0.005147 0 0 0 0 0.000000 0 0.000000 0 0 0 0 0.000000 0 0.000000 0 0 0 0 0.000000 0 0.000000 0 
147201 7:51:32 0 19 5430 0.007366 5264 0.007599 -353 0 0 0 0.000000 0 0.000000 0 0 0 0 0.000000 0 0.000000 0 0 0 0 0.000000 0 0.000000 0 0 18 4085 0.007342 5090 0.005894 -427 0 0 0 0.000000 0 0.000000 0 0 0 0 0.000000 0 0.000000 0 0 0 0 0.000000 0 0.000000 0 0 29 6676 0.004494 5829 0.005147 0 0 0 0 0.000000 0 0.000000 0 0 0 0 0.000000 0 0.000000 0 0 0 0 0.000000 0 0.000000 0 
183775 18:1:6 0 19 5430 0.007366 5264 0.007599 -353 0 0 0 0.000000 0 0.000000 0 0 0 0 0.000000 0 0.000000 0 0 0 0 0.000000 0 0.000000 0 0 18 4085 0.007342 5090 0.005894 -427 0 0 0 0.000000 0 0.000000 0 0 0 0 0.000000 0 0.000000 0 0 0 0 0.000000 0 0.000000 0 0 29 6676 0.004494 5829 0.005147 0 0 0 0 0.000000 0 0.000000 0 0 0 0 0.000000 0 0.000000 0 0 0 0 0.000000 0 0.000000 0 
226931 6:0:22 1 24 5430 0.007366 5264 0.007599 -353 0 0 0 0.000000 0 0.000000 0 0 0 0 0.000000 0 0.000000 0 0 0 0 0.000000 0 0.000000 0 1 24 4085 0.007342 5090 0.005894 -427 0 0 0 0.000000 0 0.000000 0 0 0 0 0.000000 0 0.000000 0 0 0 0 0.000000 0 0.000000 0 1 23 6676 0.004494 5829 0.005147 0 0 0 0 0.000000 0 0.000000 0 0 0 0 0.000000 0 0.000000 0 0 0 0 0.000000 0 0.000000 0 
238291 9:9:42 0 24 6502 0.006908 5675 0.007048 -756 0 0 0 0.000000 0 0.000000 0 0 0 0 0.000000 0 0.000000 0 0 0 0 0.000000 0 0.000000 0 0 24 4891 0.006443 5382 0.005574 -508 0 0 0 0.000000 0 0.000000 0 0 0 0 0.000000 0 0.000000 0 0 0 0 0.000000 0 0.000000 0 0 23 7994 0.003753 6314 0.004751 -4122 0 0 0 0.000000 0 0.000000 0 0 0 0 0.000000 0 0.000000 0 0 0 0 0.000000 0 0.000000 0 
238291 9:9:42 0 24 6502 0.006908 5675 0.007048 -756 0 0 0 0.000000 0 0.000000 0 0 0 0 0.000000 0 0.000000 0 0 0 0 0.000000 0 0.000000 0 0 24 4891 0.006443 5382 0.005574 -508 0 0 0 0.000000 0 0.000000 0 0 0 0 0.000000 0 0.000000 0 0 0 0 0.000000 0 0.000000 0 0 23 7994 0.003753 6314 0.004751 -4122 0 0 0 0.000000 0 0.000000 0 0 0 0 0.000000 0 0.000000 0 0 0 0 0.000000 0 0.000000 0 
270206 18:1:37 0 24 6502 0.006908 5675 0.007048 -756 0 0 0 0.000000 0 0.000000 0 0 0 0 0.000000 0 0.000000 0 0 0 0 0.000000 0 0.000000 0 0 24 4891 0.006443 5382 0.005574 -508 0 0 0 0.000000 0 0.000000 0 0 0 0 0.000000 0 0.000000 0 0 0 0 0.000000 0 0.000000 0 0 23 7994 0.003753 6314 0.004751 -4122 0 0 0 0.000000 0 0.000000 0 0 0 0 0.000000 0 0.000000 0 0 0 0 0.000000 0 0.000000 0 
313344 6:0:35 1 29 6502 0.006908 5675 0.007048 -756 0 0 0 0.000000 0 0.000000 0 0 0 0 0.000000 0 0.000000 0 0 0 0 0.000000 0 0.000000 0 1 27 4891 0.006443 5382 0.005574 -508 0 0 0 0.000000 0 0.000000 0 0 0 0 0.000000 0 0.000000 0 0 0 0 0.000000 0 0.000000 0 1 31 7994 0.003753 6314 0.004751 -4122 0 0 0 0.000000 0 0.000000 0 0 0 0 0.000000 0 0.000000 0 0 0 0 0.000000 0 0.000000 0 
320313 7:56:44 0 29 4822 0.007433 5653 0.007076 455 0 0 0 0.000000 0 0.000000 0 0 0 0 0.000000 0 0.000000 0 0 0 0 0.000000 0 0.000000 0 0 27 4619 0.005946 5529 0.005426 -238 0 0 0 0.000000 0 0.000000 0 0 0 0 0.000000 0 0.000000 0 0 0 0 0.000000 0 0.000000 0 0 31 7550 0.003973 5798 0.005174 -409 0 0 0 0.000000 0 0.000000 0 0 0 0 0.000000 0 0.000000 0 0 0 0 0.000000 0 0.000000 0 
320313 7:56:44 0 29 4822 0.007433 5653 0.007076 455 0 0 0 0.000000 0 0.000000 0 0 0 0 0.000000 0 0.000000 0 0 0 0 0.000000 0 0.000000 0 0 27 4619 0.005946 5529 0.005426 -238 0 0 0 0.000000 0 0.000000 0 0 0 0 0.000000 0 0.000000 0 0 0 0 0.000000 0 0.000000 0 0 31 7550 0.003973 5798 0.005174 -409 0 0 0 0.000000 0 0.000000 0 0 0 0 0.000000 0 0.000000 0 0 0 0 0.000000 0 0.000000 0 
356607 18:1:38 0 29 4822 0.007433 5653 0.007076 455 0 0 0 0.000000 0 0.000000 0 0 0 0 0.000000 0 0.000000 0 0 0 0 0.000000 0 0.000000 0 0 27 4619 0.005946 5529 0.005426 -238 0 0 0 0.000000 0 0.000000 0 0 0 0 0.000000 0 0.000000 0 0 0 0 0.000000 0 0.000000 0 0 31 7550 0.003973 5798 0.005174 -409 0 0 0 0.000000 0 0.000000 0 0 0 0 0.000000 0 0.000000 0 0 0 0 0.000000 0 0.000000 0 
399737 6:0:28 1 32 4822 0.007433 5653 0.007076 455 0 0 0 0.000000 0 0.000000 0 0 0 0 0.000000 0 0.000000 0 0 0 0 0.000000 0 0.000000 0 1 31 4619 0.005946 5529 0.005426 -238 0 0 0 0.000000 0 0.000000 0 0 0 0 0.000000 0 0.000000 0 0 0 0 0.000000 0 0.000000 0 1 29 7550 0.003973 5798 0.005174 -409 0 0 0 0.000000 0 0.000000 0 0 0 0 0.000000 0 0.000000 0 0 0 0 0.000000 0 0.000000 0 
408511 8:26:42 0 32 5107 0.007262 5675 0.007048 -35 0 0 0 0.000000 0 0.000000 0 0 0 0 0.000000 0 0.000000 0 0 0 0 0.000000 0 0.000000 0 0 31 4892 0.005335 5972 0.005023 -819 0 0 0 0.000000 0 0.000000 0 0 0 0 0.000000 0 0.000000 0 0 0 0 0.000000 0 0.000000 0 0 29 7996 0.003752 6708 0.004472 -2066 0 0 0 0.000000 0 0.000000 0 0 0 0 0.000000 0 0.000000 0 0 0 0 0.000000 0 0.000000 0 
408511 8:26:42 0 32 5107 0.007262 5675 0.007048 -35 0 0 0 0.000000 0 0.000000 0 0 0 0 0.000000 0 0.000000 0 0 0 0 0.000000 0 0.000000 0 0 31 4892 0.005335 5972 0.005023 -819 0 0 0 0.000000 0 0.000000 0 0 0 0 0.000000 0 0.000000 0 0 0 0 0.000000 0 0.000000 0 0 29 7996 0.003752 6708 0.004472 -2066 0 0 0 0.000000 0 0.000000 0 0 0 0 0.000000 0 0.000000 0 0 0 0 0.000000 0 0.000000 0 
442995 18:1:26 0 32 5107 0.007262 5675 0.007048 -35 0 0 0 0.000000 0 0.000000 0 0 0 0 0.000000 0 0.000000 0 0 0 0 0.000000 0 0.000000 0 0 31 4892 0.005335 5972 0.005023 -819 0 0 0 0.000000 0 0.000000 0 0 0 0 0.000000 0 0.000000 0 0 0 0 0.000000 0 0.000000 0 0 29 7996 0.003752 6708 0.004472 -2066 0 0 0 0.000000 0 0.000000 0 0 0 0 0.000000 0 0.000000 0 0 0 0 0.000000 0 0.000000 0 
486133 6:0:24 1 33 5107 0.007262 5675 0.007048 -35 0 0 0 0.000000 0 0.000000 0 0 0 0 0.000000 0 0.000000 0 0 0 0 0.000000 0 0.000000 0 1 26 4892 0.005335 5972 0.005023 -819 0 0 0 0.000000 0 0.000000 0 0 0 0 0.000000 0 0.000000 0 0 0 0 0.000000 0 0.000000 0 1 21 7996 0.003752 6708 0.004472 -2066 0 0 0 0.000000 0 0.000000 0 0 0 0 0.000000 0 0.000000 0 0 0 0 0.000000 0 0.000000 0 
492265 7:42:36 0 33 4133 0.006992 5827 0.006865 -245 0 0 0 0.000000 0 0.000000 0 0 0 0 0.000000 0 0.000000 0 0 0 0 0.000000 0 0.000000 0 0 26 3960 0.005158 6034 0.004972 -98 0 0 0 0.000000 0 0.000000 0 0 0 0 0.000000 0 0.000000 0 0 0 0 0.000000 0 0.000000 0 0 21 5712 0.005949 4701 0.006382 1456 0 0 0 0.000000 0 0.000000 0 0 0 0 0.000000 0 0.000000 0 0 0 0 0.000000 0 0.000000 0 
492265 7:42:36 0 33 4133 0.006992 5827 0.006865 -245 0 0 0 0.000000 0 0.000000 0 0 0 0 0.000000 0 0.000000 0 0 0 0 0.000000 0 0.000000 0 0 26 3960 0.005158 6034 0.004972 -98 0 0 0 0.000000 0 0.000000 0 0 0 0 0.000000 0 0.000000 0 0 0 0 0.000000 0 0.000000 0 0 21 5712 0.005949 4701 0.006382 1456 0 0 0 0.000000 0 0.000000 0 0 0 0 0.000000 0 0.000000 0 0 0 0 0.000000 0 0.000000 0 
529400 18:1:31 0 33 4133 0.006992 5827 0.006865 -245 0 0 0 0.000000 0 0.000000 0 0 0 0 0.000000 0 0.000000 0 0 0 0 0.000000 0 0.000000 0 0 26 3960 0.005158 6034 0.004972 -98 0 0 0 0.000000 0 0.000000 0 0 0 0 0.000000 0 0.000000 0 0 0 0 0.000000 0 0.000000 0 0 21 5712 0.005949 4701 0.006382 1456 0 0 0 0.000000 0 0.000000 0 0 0 0 0.000000 0 0.000000 0 0 0 0 0.000000 0 0.000000 0 
572547 6:0:38 1 30 4133 0.006992 5827 0.006865 -245 0 0 0 0.000000 0 0.000000 0 0 0 0 0.000000 0 0.000000 0 0 0 0 0.000000 0 0.000000 0 1 29 3960 0.005158 6034 0.004972 -98 0 0 0 0.000000 0 0.000000 0 0 0 0 0.000000 0 0.000000 0 0 0 0 0.000000 0 0.000000 0 1 32 5712 0.005949 4701 0.006382 1456 0 0 0 0.000000 0 0.000000 0 0 0 0 0.000000 0 0.000000 0 0 0 0 0.000000 0 0.000000 0 
580901 8:19:52 0 30 5594 0.006593 6137 0.006518 -535 0 0 0 0.000000 0 0.000000 0 0 0 0 0.000000 0 0.000000 0 0 0 0 0.000000 0 0.000000 0 0 29 5359 0.004531 6788 0.004420 -1566 0 0 0 0.000000 0 0.000000 0 0 0 0 0.000000 0 0.000000 0 0 0 0 0.000000 0 0.000000 0 0 32 6245 0.005946 4834 0.006206 -216 0 0 0 0.000000 0 0.000000 0 0 0 0 0.000000 0 0.000000 0 0 0 0 0.000000 0 0.000000 0 
580901 8:19:52 0 30 5594 0.006593 6137 0.006518 -535 0 0 0 0.000000 0 0.000000 0 0 0 0 0.000000 0 0.000000 0 0 0 0 0.000000 0 0.000000 0 0 29 5359 0.004531 6788 0.004420 -1566 0 0 0 0.000000 0 0.000000 0 0 0 0 0.000000 0 0.000000 0 0 0 0 0.000000 0 0.000000 0 0 32 6245 0.005946 4834 0.006206 -216 0 0 0 0.000000 0 0.000000 0 0 0 0 0.000000 0 0.000000 0 0 0 0 0.000000 0 0.000000 0 
615811 18:1:42 0 30 5594 0.006593 6137 0.006518 -535 0 0 0 0.000000 0 0.000000 0 0 0 0 0.000000 0 0.000000 0 0 0 0 0.000000 0 0.000000 0 0 29 5359 0.004531 6788 0.004420 -1566 0 0 0 0.000000 0 0.000000 0 0 0 0 0.000000 0 0.000000 0 0 0 0 0.000000 0 0.000000 0 0 32 6245 0.005946 4834 0.006206 -216 0 0 0 0.000000 0 0.000000 0 0 0 0 0.000000 0 0.000000 0 0 0 0 0.000000 0 0.000000 0 
658946 6:0:37 1 36 5594 0.006593 6137 0.006518 -535 0 0 0 0.000000 0 0.000000 0 0 0 0 0.000000 0 0.000000 0 0 0 0 0.000000 0 0.000000 0 1 27 5359 0.004531 6788 0.004420 -1566 0 0 0 0.000000 0 0.000000 0 0 0 0 0.000000 0 0.000000 0 0 0 0 0.000000 0 0.000000 0 1 32 6245 0.005946 4834 0.006206 -216 0 0 0 0.000000 0 0.000000 0 0 0 0 0.000000 0 0.000000 0 0 0 0 0.000000 0 0.000000 0 
667116 8:16:47 0 36 7467 0.005914 6815 0.005869 -1355 0 0 0 0.000000 0 0.000000 0 0 0 0 0.000000 0 0.000000 0 0 0 0 0.000000 0 0.000000 0 0 27 6408 0.004486 6788 0.004420 -1 0 0 0 0.000000 0 0.000000 0 0 0 0 0.000000 0 0.000000 0 0 0 0 0.000000 0 0.000000 0 0 32 4877 0.006789 5184 0.005787 594 0 0 0 0.000000 0 0.000000 0 0 0 0 0.000000 0 0.000000 0 0 0 0 0.000000 0 0.000000 0 
667116 8:16:47 0 36 7467 0.005914 6815 0.005869 -1355 0 0 0 0.000000 0 0.000000 0 0 0 0 0.000000 0 0.000000 0 0 0 0 0.000000 0 0.000000 0 0 27 6408 0.004486 6788 0.004420 -1 0 0 0 0.000000 0 0.000000 0 0 0 0 0.000000 0 0.000000 0 0 0 0 0.000000 0 0.000000 0 0 32 4877 0.006789 5184 0.005787 594 0 0 0 0.000000 0 0.000000 0 0 0 0 0.000000 0 0.000000 0 0 0 0 0.000000 0 0.000000 0 
702218 18:1:49 0 36 7467 0.005914 6815 0.005869 -1355 0 0 0 0.000000 0 0.000000 0 0 0 0 0.000000 0 0.000000 0 0 0 0 0.000000 0 0.000000 0 0 27 6408 0.004486 6788 0.004420 -1 0 0 0 0.000000 0 0.000000 0 0 0 0 0.000000 0 0.000000 0 0 0 0 0.000000 0 0.000000 0 0 32 4877 0.006789 5184 0.005787 594 0 0 0 0.000000 0 0.000000 0 0 0 0 0.000000 0 0.000000 0 0 0 0 0.000000 0 0.000000 0 
745356 6:0:47 1 33 7467 0.005914 6815 0.005869 -1355 0 0 0 0.000000 0 0.000000 0 0 0 0 0.000000 0 0.000000 0 0 0 0 0.000000 0 0.000000 0 1 31 6408 0.004486 6788 0.004420 -1 0 0 0 0.000000 0 0.000000 0 0 0 0 0.000000 0 0.000000 0 0 0 0 0.000000 0 0.000000 0 1 29 4877 0.006789 5184 0.005787 594 0 0 0 0.000000 0 0.000000 0 0 0 0 0.000000 0 0.000000 0 0 0 0 0.000000 0 0.000000 0 
756059 8:59:10 0 33 7863 0.005211 6563 0.006095 -1907 0 0 0 0.000000 0 0.000000 0 0 0 0 0.000000 0 0.000000 0 0 0 0 0.000000 0 0.000000 0 0 31 6914 0.003813 7951 0.003773 -2753 0 0 0 0.000000 0 0.000000 0 0 0 0 0.000000 0 0.000000 0 0 0 0 0.000000 0 0.000000 0 0 29 5136 0.006067 5488 0.005466 -530 0 0 0 0.000000 0 0.000000 0 0 0 0 0.000000 0 0.000000 0 0 0 0 0.000000 0 0.000000 0 
756059 8:59:10 0 33 7863 0.005211 6563 0.006095 -1907 0 0 0 0.000000 0 0.000000 0 0 0 0 0.000000 0 0.000000 0 0 0 0 0.000000 0 0.000000 0 0 31 6914 0.003813 7951 0.003773 -2753 0 0 0 0.000000 0 0.000000 0 0 0 0 0.000000 0 0.000000 0 0 0 0 0.000000 0 0.000000 0 0 29 5136 0.006067 5488 0.005466 -530 0 0 0 0.000000 0 0.000000 0 0 0 0 0.000000 0 0.000000 0 0 0 0 0.000000 0 0.000000 0 
788626 18:1:57 0 33 7863 0.005211 6563 0.006095 -1907 0 0 0 0.000000 0 0.000000 0 0 0 0 0.000000 0 0.000000 0 0 0 0 0.000000 0 0.000000 0 0 31 6914 0.003813 7951 0.003773 -2753 0 0 0 0.000000 0 0.000000 0 0 0 0 0.000000 0 0.000000 0 0 0 0 0.000000 0 0.000000 0 0 29 5136 0.006067 5488 0.005466 -530 0 0 0 0.000000 0 0.000000 0 0 0 0 0.000000 0 0.000000 0 0 0 0 0.000000 0 0.000000 0 
831764 6:0:55 1 32 7863 0.005211 6563 0.006095 -1907 0 0 0 0.000000 0 0.000000 0 0 0 0 0.000000 0 0.000000 0 0 0 0 0.000000 0 0.000000 0 1 27 6914 0.003813 7951 0.003773 -2753 0 0 0 0.000000 0 0.000000 0 0 0 0 0.000000 0 0.000000 0 0 0 0 0.000000 0 0.000000 0 1 29 5136 0.006067 5488 0.005466 -530 0 0 0 0.000000 0 0.000000 0 0 0 0 0.000000 0 0.000000 0 0 0 0 0.000000 0 0.000000 0 
840905 8:33:16 0 32 8081 0.005546 6825 0.005861 -31 0 0 0 0.000000 0 0.000000 0 0 0 0 0.000000 0 0.000000 0 0 0 0 0.000000 0 0.000000 0 0 27 9337 0.003600 7356 0.004078 -754 0 0 0 0.000000 0 0.000000 0 0 0 0 0.000000 0 0.000000 0 0 0 0 0.000000 0 0.000000 0 0 29 6099 0.005559 5770 0.005199 -483 0 0 0 0.000000 0 0.000000 0 0 0 0 0.000000 0 0.000000 0 0 0 0 0.000000 0 0.000000 0 
840905 8:33:16 0 32 8081 0.005546 6825 0.005861 -31 0 0 0 0.000000 0 0.000000 0 0 0 0 0.000000 0 0.000000 0 0 0 0 0.000000 0 0.000000 0 0 27 9337 0.003600 7356 0.004078 -754 0 0 0 0.000000 0 0.000000 0 0 0 0 0.000000 0 0.000000 0 0 0 0 0.000000 0 0.000000 0 0 29 6099 0.005559 5770 0.005199 -483 0 0 0 0.000000 0 0.000000 0 0 0 0 0.000000 0 0.000000 0 0 0 0 0.000000 0 0.000000 0 
875029 18:2:0 0 32 8081 0.005546 6825 0.005861 -31 0 0 0 0.000000 0 0.000000 0 0 0 0 0.000000 0 0.000000 0 0 0 0 0.000000 0 0.000000 0 0 27 9337 0.003600 7356 0.004078 -754 0 0 0 0.000000 0 0.000000 0 0 0 0 0.000000 0 0.000000 0 0 0 0 0.000000 0 0.000000 0 0 29 6099 0.005559 5770 0.005199 -483 0 0 0 0.000000 0 0.000000 0 0 0 0 0.000000 0 0.000000 0 0 0 0 0.000000 0 0.000000 0 
918117 6:0:8 1 30 8081 0.005546 6825 0.005861 -31 0 0 0 0.000000 0 0.000000 0 0 0 0 0.000000 0 0.000000 0 0 0 0 0.000000 0 0.000000 0 1 29 9337 0.003600 7356 0.004078 -754 0 0 0 0.000000 0 0.000000 0 0 0 0 0.000000 0 0.000000 0 0 0 0 0.000000 0 0.000000 0 1 27 6099 0.005559 5770 0.005199 -483 0 0 0 0.000000 0 0.000000 0 0 0 0 0.000000 0 0.000000 0 0 0 0 0.000000 0 0.000000 0 
927975 8:44:26 0 30 7156 0.004951 7782 0.005140 -2076 0 0 0 0.000000 0 0.000000 0 0 0 0 0.000000 0 0.000000 0 0 0 0 0.000000 0 0.000000 0 0 29 8268 0.003628 7663 0.003915 -512 0 0 0 0.000000 0 0.000000 0 0 0 0 0.000000 0 0.000000 0 0 0 0 0.000000 0 0.000000 0 0 27 5401 0.005185 6037 0.004969 -453 0 0 0 0.000000 0 0.000000 0 0 0 0 0.000000 0 0.000000 0 0 0 0 0.000000 0 0.000000 0 
927975 8:44:26 0 30 7156 0.004951 7782 0.005140 -2076 0 0 0 0.000000 0 0.000000 0 0 0 0 0.000000 0 0.000000 0 0 0 0 0.000000 0 0.000000 0 0 29 8268 0.003628 7663 0.003915 -512 0 0 0 0.000000 0 0.000000 0 0 0 0 0.000000 0 0.000000 0 0 0 0 0.000000 0 0.000000 0 0 27 5401 0.005185 6037 0.004969 -453 0 0 0 0.000000 0 0.000000 0 0 0 0 0.000000 0 0.000000 0 0 0 0 0.000000 0 0.000000 0 
961387 18:1:18 0 30 7156 0.004951 7782 0.005140 -2076 0 0 0 0.000000 0 0.000000 0 0 0 0 0.000000 0 0.000000 0 0 0 0 0.000000 0 0.000000 0 0 29 8268 0.003628 7662 0.003915 -512 0 0 0 0.000000 0 0.000000 0 0 0 0 0.000000 0 0.000000 0 0 0 0 0.000000 0 0.000000 0 0 27 5401 0.005185 6037 0.004969 -453 0 0 0 0.000000 0 0.000000 0 0 0 0 0.000000 0 0.000000 0 0 0 0 0.000000 0 0.000000 0 
1000923 6:0:14 1 27 7156 0.004951 7782 0.005140 -2076 0 0 0 0.000000 0 0.000000 0 0 0 0 0.000000 0 0.000000 0 0 0 0 0.000000 0 0.000000 0 1 27 8268 0.003628 7662 0.003915 -512 0 0 0 0.000000 0 0.000000 0 0 0 0 0.000000 0 0.000000 0 0 0 0 0.000000 0 0.000000 0 1 29 5401 0.005185 6037 0.004969 -453 0 0 0 0.000000 0 0.000000 0 0 0 0 0.000000 0 0.000000 0 0 0 0 0.000000 0 0.000000 0 
1007857 7:55:48 0 27 6560 0.005278 7418 0.005392 485 0 0 0 0.000000 0 0.000000 0 0 0 0 0.000000 0 0.000000 0 0 0 0 0.000000 0 0.000000 0 0 27 7587 0.003954 7271 0.004126 518 0 0 0 0.000000 0 0.000000 0 0 0 0 0.000000 0 0.000000 0 0 0 0 0.000000 0 0.000000 0 0 29 4150 0.005320 6237 0.004810 347 0 0 0 0.000000 0 0.000000 0 0 0 0 0.000000 0 0.000000 0 0 0 0 0.000000 0 0.000000 0 
1007857 7:55:48 0 27 6560 0.005278 7418 0.005392 485 0 0 0 0.000000 0 0.000000 0 0 0 0 0.000000 0 0.000000 0 0 0 0 0.000000 0 0.000000 0 0 27 7587 0.003954 7271 0.004126 518 0 0 0 0.000000 0 0.000000 0 0 0 0 0.000000 0 0.000000 0 0 0 0 0.000000 0 0.000000 0 0 29 4150 0.005320 6237 0.004810 347 0 0 0 0.000000 0 0.000000 0 0 0 0 0.000000 0 0.000000 0 0 0 0 0.000000 0 0.000000 0 
1044202 18:1:33 0 27 6560 0.005278 7418 0.005392 485 0 0 0 0.000000 0 0.000000 0 0 0 0 0.000000 0 0.000000 0 0 0 0 0.000000 0 0.000000 0 0 27 7587 0.003954 7271 0.004126 518 0 0 0 0.000000 0 0.000000 0 0 0 0 0.000000 0 0.000000 0 0 0 0 0.000000 0 0.000000 0 0 29 4150 0.005320 6237 0.004810 347 0 0 0 0.000000 0 0.000000 0 0 0 0 0.000000 0 0.000000 0 0 0 0 0.000000 0 0.000000 0 
1087340 6:0:31 1 22 6560 0.005278 7418 0.005392 485 0 0 0 0.000000 0 0.000000 0 0 0 0 0.000000 0 0.000000 0 0 0 0 0.000000 0 0.000000 0 1 27 7587 0.003954 7271 0.004126 518 0 0 0 0.000000 0 0.000000 0 0 0 0 0.000000 0 0.000000 0 0 0 0 0.000000 0 0.000000 0 1 24 4150 0.005320 6237 0.004810 347 0 0 0 0.000000 0 0.000000 0 0 0 0 0.000000 0 0.000000 0 0 0 0 0.000000 0 0.000000 0 
1094611 8:1:42 0 22 6328 0.005482 7211 0.005547 295 0 0 0 0.000000 0 0.000000 0 0 0 0 0.000000 0 0.000000 0 0 0 0 0.000000 0 0.000000 0 0 27 7458 0.004022 7271 0.004126 -1 0 0 0 0.000000 0 0.000000 0 0 0 0 0.000000 0 0.000000 0 0 0 0 0.000000 0 0.000000 0 0 24 3458 0.005541 6207 0.004833 621 0 0 0 0.000000 0 0.000000 0 0 0 0 0.000000 0 0.000000 0 0 0 0 0.000000 0 0.000000 0 
1094611 8:1:42 0 22 6328 0.005482 7211 0.005547 295 0 0 0 0.000000 0 0.000000 0 0 0 0 0.000000 0 0.000000 0 0 0 0 0.000000 0 0.000000 0 0 27 7458 0.004022 7271 0.004126 -1 0 0 0 0.000000 0 0.000000 0 0 0 0 0.000000 0 0.000000 0 0 0 0 0.000000 0 0.000000 0 0 24 3458 0.005541 6207 0.004833 621 0 0 0 0.000000 0 0.000000 0 0 0 0 0.000000 0 0.000000 0 0 0 0 0.000000 0 0.000000 0 
1130600 18:1:31 0 22 6328 0.005482 7211 0.005547 295 0 0 0 0.000000 0 0.000000 0 0 0 0 0.000000 0 0.000000 0 0 0 0 0.000000 0 0.000000 0 0 27 7458 0.004022 7271 0.004126 -1 0 0 0 0.000000 0 0.000000 0 0 0 0 0.000000 0 0.000000 0 0 0 0 0.000000 0 0.000000 0 0 24 3458 0.005541 6207 0.004833 621 0 0 0 0.000000 0 0.000000 0 0 0 0 0.000000 0 0.000000 0 0 0 0 0.000000 0 0.000000 0 
1173739 6:0:30 1 32 6328 0.005482 7211 0.005547 295 0 0 0 0.000000 0 0.000000 0 0 0 0 0.000000 0 0.000000 0 0 0 0 0.000000 0 0.000000 0 1 29 7458 0.004022 7271 0.004126 -1 0 0 0 0.000000 0 0.000000 0 0 0 0 0.000000 0 0.000000 0 0 0 0 0.000000 0 0.000000 0 1 27 3458 0.005541 6207 0.004833 621 0 0 0 0.000000 0 0.000000 0 0 0 0 0.000000 0 0.000000 0 0 0 0 0.000000 0 0.000000 0 
1181609 8:11:40 0 32 6463 0.005354 7416 0.005394 -333 0 0 0 0.000000 0 0.000000 0 0 0 0 0.000000 0 0.000000 0 0 0 0 0.000000 0 0.000000 0 0 29 7617 0.003938 7499 0.004001 -371 0 0 0 0.000000 0 0.000000 0 0 0 0 0.000000 0 0.000000 0 0 0 0 0.000000 0 0.000000 0 0 27 3532 0.005472 5943 0.005048 356 0 0 0 0.000000 0 0.000000 0 0 0 0 0.000000 0 0.000000 0 0 0 0 0.000000 0 0.000000 0 
1181609 8:11:40 0 32 6463 0.005354 7416 0.005394 -333 0 0 0 0.000000 0 0.000000 0 0 0 0 0.000000 0 0.000000 0 0 0 0 0.000000 0 0.000000 0 0 29 7617 0.003938 7499 0.004001 -371 0 0 0 0.000000 0 0.000000 0 0 0 0 0.000000 0 0.000000 0 0 0 0 0.000000 0 0.000000 0 0 27 3532 0.005472 5943 0.005048 356 0 0 0 0.000000 0 0.000000 0 0 0 0 0.000000 0 0.000000 0 0 0 0 0.000000 0 0.000000 0 
