59661 7:32:32 1 1 0 1.00 1.00 1.00 1.00 1.00 1.00 1.00 1.00 5526 0 0.00 0.00 9 1 1 1 1 1.00 1.00 1.00 1.00 1.00 1.00 1.00 1.00 3844 0 0.00 0.00 9 1 0 1 1 1.00 1.00 1.00 1.00 1.00 1.00 1.00 1.00 0 0 0.00 0.00 9 1 
59661 7:32:32 0 1 0 1.00 1.00 1.00 1.00 1.00 1.00 1.00 1.00 0 5526 1.00 0.00 0 1 0 1 1 1.00 1.00 1.00 1.00 1.00 1.00 1.00 1.00 0 5526 1.00 0.00 0 1 0 1 1 1.00 1.00 1.00 1.00 1.00 1.00 1.00 1.00 0 5526 1.00 0.00 0 1 
147201 7:51:32 1 1 1 1.00 1.00 1.00 1.00 1.00 1.00 1.00 1.00 5293 0 0.00 0.00 9 1 1 1 1 1.00 1.00 1.00 1.00 1.00 1.00 1.00 1.00 4512 0 0.00 0.00 9 1 1 1 0 1.00 1.00 1.00 1.00 1.00 1.00 1.00 1.00 6676 0 0.00 0.00 9 1 
147201 7:51:32 0 1 1 0.81 1.00 1.00 1.00 1.00 1.00 1.00 1.00 0 6676 1.00 0.00 2 1 0 1 1 0.61 1.00 1.00 1.00 1.00 1.00 1.00 1.00 0 6676 1.00 0.00 2 1 0 1 0 1.00 1.00 1.00 1.00 1.00 1.00 1.00 1.00 0 6676 1.00 0.00 2 1 
238291 9:9:42 1 1 1 0.81 1.00 1.00 1.00 0.81 1.00 1.00 1.00 6431 0 0.00 0.00 9 1 1 1 1 0.61 1.00 1.00 1.00 0.61 1.00 1.00 1.00 5890 0 0.00 0.00 9 1 1 1 0 1.00 1.00 1.00 1.00 1.00 1.00 1.00 1.00 11360 0 0.00 0.00 9 1 
238291 9:9:42 0 1 1 0.81 1.00 1.00 1.00 0.81 1.00 1.00 1.00 0 7994 1.00 0.00 2 1 0 1 1 0.61 1.00 1.00 1.00 0.61 1.00 1.00 1.00 0 7994 1.00 0.00 2 1 0 1 0 1.00 1.00 1.00 1.00 1.00 1.00 1.00 1.00 0 7994 1.00 0.00 2 1 
320313 7:56:44 1 1 1 0.81 1.00 1.00 1.00 0.81 1.00 1.00 1.00 4866 0 0.00 0.00 9 1 1 1 1 0.61 1.00 1.00 1.00 0.61 1.00 1.00 1.00 5767 0 0.00 0.00 9 1 1 1 0 1.00 1.00 1.00 1.00 1.00 1.00 1.00 1.00 6969 0 0.00 0.00 9 1 
320313 7:56:44 0 1 1 0.64 1.00 1.00 1.00 0.81 1.00 1.00 1.00 0 7550 1.00 0.00 2 1 0 1 1 0.61 1.00 1.00 1.00 0.61 1.00 1.00 1.00 0 7550 1.00 0.00 2 1 0 1 0 1.00 1.00 1.00 1.00 1.00 1.00 1.00 1.00 0 7550 1.00 0.00 2 1 
408511 8:26:42 1 1 1 0.64 1.00 1.00 1.00 0.64 1.00 1.00 1.00 5710 0 0.00 0.00 9 1 1 1 1 0.61 1.00 1.00 1.00 0.61 1.00 1.00 1.00 6791 0 0.00 0.00 9 1 1 1 0 1.00 1.00 1.00 1.00 1.00 1.00 1.00 1.00 8774 0 0.00 0.00 9 1 
408511 8:26:42 0 1 1 0.64 1.00 1.00 1.00 0.64 1.00 1.00 1.00 0 7996 1.00 0.00 2 1 0 1 1 0.61 1.00 1.00 1.00 0.61 1.00 1.00 1.00 0 7996 1.00 0.00 2 1 0 1 0 1.00 1.00 1.00 1.00 1.00 1.00 1.00 1.00 0 7996 1.00 0.00 2 1 
492265 7:42:36 1 1 1 0.64 1.00 1.00 1.00 1.00 1.00 1.00 1.00 6072 0 0.00 0.00 9 1 1 1 0 0.61 1.00 1.00 1.00 0.96 1.00 1.00 1.00 6132 0 0.00 0.00 9 1 1 1 1 1.00 1.00 1.00 1.00 1.00 1.00 1.00 1.00 3245 0 0.00 0.00 9 1 
492265 7:42:36 0 1 1 0.72 1.00 1.00 1.00 0.64 1.00 1.00 1.00 0 5712 0.87 0.13 2 1 0 1 0 0.69 1.00 1.00 1.00 0.61 1.00 1.00 1.00 0 5712 0.87 0.13 2 1 0 1 1 1.00 1.00 1.00 1.00 1.00 1.00 1.00 1.00 0 5712 0.87 0.13 2 1 
580901 8:19:52 1 1 1 0.72 1.00 1.00 1.00 1.00 1.00 1.00 1.00 6672 0 0.00 0.00 9 1 1 1 0 0.69 1.00 1.00 1.00 0.96 1.00 1.00 1.00 8354 0 0.00 0.00 9 1 1 1 1 1.00 1.00 1.00 1.00 1.00 1.00 1.00 1.00 5050 0 0.00 0.00 9 1 
580901 8:19:52 0 1 1 0.90 1.00 1.00 1.00 0.72 1.00 1.00 1.00 0 6245 0.76 0.24 2 1 0 1 0 0.86 1.00 1.00 1.00 0.69 1.00 1.00 1.00 0 6245 0.76 0.24 2 1 0 1 1 1.00 1.00 1.00 1.00 1.00 1.00 1.00 1.00 0 6245 0.76 0.24 2 1 
667116 8:16:47 1 1 0 0.90 1.00 1.00 1.00 1.00 1.00 1.00 1.00 8170 0 0.00 0.00 9 1 1 1 1 0.86 1.00 1.00 1.00 0.96 1.00 1.00 1.00 6789 0 0.00 0.00 9 1 1 1 1 1.00 1.00 1.00 1.00 1.00 1.00 1.00 1.00 3725 0 0.00 0.00 9 1 
667116 8:16:47 0 1 0 1.00 1.00 1.00 1.00 0.90 1.00 1.00 1.00 0 7467 0.90 0.10 0 1 0 1 1 0.86 1.00 1.00 1.00 0.86 1.00 1.00 1.00 0 7467 0.90 0.10 0 1 0 1 1 0.65 1.00 1.00 1.00 1.00 1.00 1.00 1.00 0 7467 0.90 0.10 0 1 
756059 8:59:10 1 1 1 1.00 1.00 1.00 1.00 1.00 1.00 1.00 1.00 9622 0 0.00 0.00 9 1 1 1 0 0.86 1.00 1.00 1.00 0.86 1.00 1.00 1.00 10704 0 0.00 0.00 9 1 1 1 1 0.65 1.00 1.00 1.00 0.65 1.00 1.00 1.00 6018 0 0.00 0.00 9 1 
756059 8:59:10 0 1 1 1.00 1.00 1.00 1.00 1.00 1.00 1.00 1.00 0 7863 0.98 0.02 0 1 0 1 0 0.88 1.00 1.00 1.00 0.86 1.00 1.00 1.00 0 7863 0.98 0.02 0 1 0 1 1 0.65 1.00 1.00 1.00 0.65 1.00 1.00 1.00 0 7863 0.98 0.02 0 1 
840905 8:33:16 1 1 1 1.00 1.00 1.00 1.00 1.00 1.00 1.00 1.00 6614 0 0.00 0.00 9 1 1 1 0 0.88 1.00 1.00 1.00 0.88 1.00 1.00 1.00 9141 0 0.00 0.00 9 1 1 1 1 0.65 1.00 1.00 1.00 0.65 1.00 1.00 1.00 6253 0 0.00 0.00 9 1 
840905 8:33:16 0 1 1 0.87 1.00 1.00 1.00 1.00 1.00 1.00 1.00 0 9337 0.88 0.12 1 1 0 1 0 1.00 1.00 1.00 1.00 0.88 1.00 1.00 1.00 0 9337 0.88 0.12 1 1 0 1 1 0.65 1.00 1.00 1.00 0.65 1.00 1.00 1.00 0 9337 0.88 0.12 1 1 
927975 8:44:26 1 1 0 0.87 1.00 1.00 1.00 0.87 1.00 1.00 1.00 9858 0 0.00 0.00 9 1 1 1 1 1.00 1.00 1.00 1.00 1.00 1.00 1.00 1.00 8175 0 0.00 0.00 9 1 1 1 1 0.65 1.00 1.00 1.00 0.65 1.00 1.00 1.00 6490 0 0.00 0.00 9 1 
927975 8:44:26 0 1 0 0.87 1.00 1.00 1.00 0.87 1.00 1.00 1.00 0 8268 1.00 0.00 1 1 0 1 1 1.00 1.00 1.00 1.00 1.00 1.00 1.00 1.00 0 8268 1.00 0.00 1 1 0 1 1 0.65 1.00 1.00 1.00 0.65 1.00 1.00 1.00 0 8268 1.00 0.00 1 1 
1007857 7:55:48 1 1 0 0.87 1.00 1.00 1.00 0.87 1.00 1.00 1.00 6933 0 0.00 0.00 9 1 1 1 1 1.00 1.00 1.00 1.00 1.00 1.00 1.00 1.00 6753 0 0.00 0.00 9 1 1 1 1 0.65 1.00 1.00 1.00 0.65 1.00 1.00 1.00 5432 0 0.00 0.00 9 1 
1007857 7:55:48 0 1 0 0.86 1.00 1.00 1.00 0.87 1.00 1.00 1.00 0 7587 1.00 0.00 1 1 0 1 1 1.00 1.00 1.00 1.00 1.00 1.00 1.00 1.00 0 7587 1.00 0.00 1 1 0 1 1 0.55 1.00 1.00 1.00 0.65 1.00 1.00 1.00 0 7587 1.00 0.00 1 1 
1094611 8:1:42 1 1 1 0.86 1.00 1.00 1.00 0.86 1.00 1.00 1.00 6911 0 0.00 0.00 9 1 1 1 0 1.00 1.00 1.00 1.00 1.00 1.00 1.00 1.00 7272 0 0.00 0.00 9 1 1 1 1 0.55 1.00 1.00 1.00 0.55 1.00 1.00 1.00 5109 0 0.00 0.00 9 1 
1094611 8:1:42 0 1 1 0.85 1.00 1.00 1.00 0.86 1.00 1.00 1.00 0 7458 1.00 0.00 1 1 0 1 0 1.00 1.00 1.00 1.00 1.00 1.00 1.00 1.00 0 7458 1.00 0.00 1 1 0 1 1 0.46 1.00 1.00 1.00 0.55 1.00 1.00 1.00 0 7458 1.00 0.00 1 1 
1181609 8:11:40 1 1 1 0.85 1.00 1.00 1.00 0.85 1.00 1.00 1.00 7749 0 0.00 0.00 9 1 1 1 0 1.00 1.00 1.00 1.00 1.00 1.00 1.00 1.00 7870 0 0.00 0.00 9 1 1 1 1 0.46 1.00 1.00 1.00 0.46 1.00 1.00 1.00 5587 0 0.00 0.00 9 1 
1181609 8:11:40 0 1 1 0.85 1.00 1.00 1.00 0.85 1.00 1.00 1.00 0 7617 1.00 0.00 1 1 0 1 0 1.00 1.00 1.00 1.00 1.00 1.00 1.00 1.00 0 7617 1.00 0.00 1 1 0 1 1 0.46 1.00 1.00 1.00 0.46 1.00 1.00 1.00 0 7617 1.00 0.00 1 1 
