3600 15:9:44 0 0 0 0.000000 0 0.000000 0 0 40 0 0 0 0.000000 0 0.000000 0 0 0 0 0 0 0.000000 0 0.000000 0 0 0 0 0 0 0.000000 0 0.000000 0 0 0 0 0 0 0.000000 0 0.000000 0 0 30 0 0 0 0.000000 0 0.000000 0 0 0 0 0 0 0.000000 0 0.000000 0 0 0 0 0 0 0.000000 0 0.000000 0 0 0 0 0 0 0.000000 0 0.000000 0 0 30 0 0 0 0.000000 0 0.000000 0 0 0 0 0 0 0.000000 0 0.000000 0 0 0 0 0 0 0.000000 0 0.000000 0 0 0 
13933 18:1:57 0 0 0 0.000000 0 0.000000 0 0 40 0 0 0 0.000000 0 0.000000 0 0 0 0 0 0 0.000000 0 0.000000 0 0 0 0 0 0 0.000000 0 0.000000 0 0 0 0 0 0 0.000000 0 0.000000 0 0 30 0 0 0 0.000000 0 0.000000 0 0 0 0 0 0 0.000000 0 0.000000 0 0 0 0 0 0 0.000000 0 0.000000 0 0 0 0 0 0 0.000000 0 0.000000 0 0 30 0 0 0 0.000000 0 0.000000 0 0 0 0 0 0 0.000000 0 0.000000 0 0 0 0 0 0 0.000000 0 0.000000 0 0 0 
57048 6:0:32 1 22 0 0.000000 0 0.000000 0 1 40 0 0 0 0.000000 0 0.000000 0 0 0 0 0 0 0.000000 0 0.000000 0 0 0 0 0 0 0.000000 0 0.000000 0 0 0 1 16 0 0.000000 0 0.000000 0 1 30 0 0 0 0.000000 0 0.000000 0 0 0 0 0 0 0.000000 0 0.000000 0 0 0 0 0 0 0.000000 0 0.000000 0 0 0 1 12 0 0.000000 0 0.000000 0 1 30 0 0 0 0.000000 0 0.000000 0 0 0 0 0 0 0.000000 0 0.000000 0 0 0 0 0 0 0.000000 0 0.000000 0 0 0 
61917 7:21:41 0 22 2705 0.009982 4869 0.008215 0 1 40 0 0 0 0.000000 0 0.000000 0 0 0 0 0 0 0.000000 0 0.000000 0 0 0 0 0 0 0.000000 0 0.000000 0 0 0 0 16 3006 0.008982 3006 0.009980 0 1 30 0 0 0 0.000000 0 0.000000 0 0 0 0 0 0 0.000000 0 0.000000 0 0 0 0 0 0 0.000000 0 0.000000 0 0 0 0 12 2465 0.010953 2465 0.012170 0 1 30 0 0 0 0.000000 0 0.000000 0 0 0 0 0 0 0.000000 0 0.000000 0 0 0 0 0 0 0.000000 0 0.000000 0 0 0 
61917 7:21:41 0 0 2705 0.009982 4080 0.009804 0 1 0 0 0 0 0.000000 0 0.000000 0 0 0 0 0 0 0.000000 0 0.000000 0 0 0 0 0 0 0.000000 0 0.000000 0 0 0 0 0 3006 0.008982 3006 0.009980 0 1 0 0 0 0 0.000000 0 0.000000 0 0 0 0 0 0 0.000000 0 0.000000 0 0 0 0 0 0 0.000000 0 0.000000 0 0 0 0 0 2465 0.010953 2897 0.010356 0 1 0 0 0 0 0.000000 0 0.000000 0 0 0 0 0 0 0.000000 0 0.000000 0 0 0 0 0 0 0.000000 0 0.000000 0 0 0 
61917 7:21:41 0 0 2705 0.009982 4080 0.009804 0 1 0 0 0 0 0.000000 0 0.000000 0 0 0 0 0 0 0.000000 0 0.000000 0 0 0 0 0 0 0.000000 0 0.000000 0 0 0 0 0 3006 0.008982 3006 0.009980 0 1 0 0 0 0 0.000000 0 0.000000 0 0 0 0 0 0 0.000000 0 0.000000 0 0 0 0 0 0 0.000000 0 0.000000 0 0 0 0 0 2465 0.010953 2897 0.010356 0 1 0 0 0 0 0.000000 0 0.000000 0 0 0 0 0 0 0.000000 0 0.000000 0 0 0 0 0 0 0.000000 0 0.000000 0 0 0 
100318 18:1:42 0 0 2705 0.009982 4080 0.009804 0 1 40 0 0 0 0.000000 0 0.000000 0 0 0 0 0 0 0.000000 0 0.000000 0 0 0 0 0 0 0.000000 0 0.000000 0 0 0 0 0 3006 0.008982 3006 0.009980 0 1 30 0 0 0 0.000000 0 0.000000 0 0 0 0 0 0 0.000000 0 0.000000 0 0 0 0 0 0 0.000000 0 0.000000 0 0 0 0 0 2465 0.010953 2897 0.010356 0 1 30 0 0 0 0.000000 0 0.000000 0 0 0 0 0 0 0.000000 0 0.000000 0 0 0 0 0 0 0.000000 0 0.000000 0 0 0 
143430 6:0:14 1 16 2705 0.009982 4080 0.009804 0 1 40 0 0 0 0.000000 0 0.000000 0 0 0 0 0 0 0.000000 0 0.000000 0 0 0 0 0 0 0.000000 0 0.000000 0 0 0 1 13 3006 0.008982 3006 0.009980 0 1 30 0 0 0 0.000000 0 0.000000 0 0 0 0 0 0 0.000000 0 0.000000 0 0 0 0 0 0 0.000000 0 0.000000 0 0 0 1 16 2465 0.010953 2897 0.010356 0 1 30 0 0 0 0.000000 0 0.000000 0 0 0 0 0 0 0.000000 0 0.000000 0 0 0 0 0 0 0.000000 0 0.000000 0 0 0 
147396 7:6:20 0 16 4053 0.007401 4033 0.009917 0 0 40 0 0 0 0.000000 0 0.000000 0 0 0 0 0 0 0.000000 0 0.000000 0 0 0 0 0 0 0.000000 0 0.000000 0 0 0 0 13 3226 0.009297 2904 0.010330 0 1 30 0 0 0 0.000000 0 0.000000 0 0 0 0 0 0 0.000000 0 0.000000 0 0 0 0 0 0 0.000000 0 0.000000 0 0 0 0 16 2971 0.010096 2961 0.010128 0 1 30 0 0 0 0.000000 0 0.000000 0 0 0 0 0 0 0.000000 0 0.000000 0 0 0 0 0 0 0.000000 0 0.000000 0 0 0 
147396 7:6:20 0 0 4458 0.007401 3514 0.011383 67 0 0 0 0 0 0.000000 0 0.000000 0 0 0 0 0 0 0.000000 0 0.000000 0 0 0 0 0 0 0.000000 0 0.000000 0 0 0 0 0 3548 0.009297 3134 0.009572 140 1 0 0 0 0 0.000000 0 0.000000 0 0 0 0 0 0 0.000000 0 0.000000 0 0 0 0 0 0 0.000000 0 0.000000 0 0 0 0 0 3655 0.010096 2961 0.010132 -104 1 0 0 0 0 0.000000 0 0.000000 0 0 0 0 0 0 0.000000 0 0.000000 0 0 0 0 0 0 0.000000 0 0.000000 0 0 0 
147396 7:6:20 0 0 4458 0.007401 3514 0.011383 67 0 0 0 0 0 0.000000 0 0.000000 0 0 0 0 0 0 0.000000 0 0.000000 0 0 0 0 0 0 0.000000 0 0.000000 0 0 0 0 0 3548 0.009297 3134 0.009572 140 1 0 0 0 0 0.000000 0 0.000000 0 0 0 0 0 0 0.000000 0 0.000000 0 0 0 0 0 0 0.000000 0 0.000000 0 0 0 0 0 3655 0.010096 2961 0.010132 -104 1 0 0 0 0 0.000000 0 0.000000 0 0 0 0 0 0 0.000000 0 0.000000 0 0 0 0 0 0 0.000000 0 0.000000 0 0 0 
186694 18:1:18 0 0 4458 0.007401 3514 0.011383 67 0 40 0 0 0 0.000000 0 0.000000 0 0 0 0 0 0 0.000000 0 0.000000 0 0 0 0 0 0 0.000000 0 0.000000 0 0 0 0 0 3548 0.009297 3134 0.009572 140 1 30 0 0 0 0.000000 0 0.000000 0 0 0 0 0 0 0.000000 0 0.000000 0 0 0 0 0 0 0.000000 0 0.000000 0 0 0 0 0 3655 0.010096 2961 0.010132 -104 1 30 0 0 0 0.000000 0 0.000000 0 0 0 0 0 0 0.000000 0 0.000000 0 0 0 0 0 0 0.000000 0 0.000000 0 0 0 
229862 6:0:46 1 8 4458 0.007401 3514 0.011383 67 1 40 0 0 0 0.000000 0 0.000000 0 0 0 0 0 0 0.000000 0 0.000000 0 0 0 0 0 0 0.000000 0 0.000000 0 0 0 1 5 3548 0.009297 3134 0.009572 140 1 30 0 0 0 0.000000 0 0.000000 0 0 0 0 0 0 0.000000 0 0.000000 0 0 0 0 0 0 0.000000 0 0.000000 0 0 0 1 4 3655 0.010096 2961 0.010132 -104 1 30 0 0 0 0.000000 0 0.000000 0 0 0 0 0 0 0.000000 0 0.000000 0 0 0 0 0 0 0.000000 0 0.000000 0 0 0 
233227 6:56:51 0 8 4458 0.007401 3514 0.011383 67 0 40 0 0 0 0.000000 0 0.000000 0 0 0 0 0 0 0.000000 0 0.000000 0 0 0 0 0 0 0.000000 0 0.000000 0 0 0 0 5 3548 0.009297 3134 0.009572 140 1 30 0 0 0 0.000000 0 0.000000 0 0 0 0 0 0 0.000000 0 0.000000 0 0 0 0 0 0 0.000000 0 0.000000 0 0 0 0 4 3655 0.010096 2961 0.010132 -104 1 30 0 0 0 0.000000 0 0.000000 0 0 0 0 0 0 0.000000 0 0.000000 0 0 0 0 0 0 0.000000 0 0.000000 0 0 0 
233227 6:56:51 0 0 4458 0.007401 3514 0.011383 3514 0 0 0 0 0 0.000000 0 0.000000 0 0 0 0 0 0 0.000000 0 0.000000 0 0 0 0 0 0 0.000000 0 0.000000 0 0 0 0 0 3548 0.009297 3134 0.009572 3134 1 0 0 0 0 0.000000 0 0.000000 0 0 0 0 0 0 0.000000 0 0.000000 0 0 0 0 0 0 0.000000 0 0.000000 0 0 0 0 0 3655 0.010096 2961 0.010132 2961 1 0 0 0 0 0.000000 0 0.000000 0 0 0 0 0 0 0.000000 0 0.000000 0 0 0 0 0 0 0.000000 0 0.000000 0 0 0 
233227 6:56:51 0 0 4458 0.007401 3514 0.011383 3514 0 0 0 0 0 0.000000 0 0.000000 0 0 0 0 0 0 0.000000 0 0.000000 0 0 0 0 0 0 0.000000 0 0.000000 0 0 0 0 0 3548 0.009297 3134 0.009572 3134 1 0 0 0 0 0.000000 0 0.000000 0 0 0 0 0 0 0.000000 0 0.000000 0 0 0 0 0 0 0.000000 0 0.000000 0 0 0 0 0 3655 0.010096 2961 0.010132 2961 1 0 0 0 0 0.000000 0 0.000000 0 0 0 0 0 0 0.000000 0 0.000000 0 0 0 0 0 0 0.000000 0 0.000000 0 0 0 
273131 18:1:55 0 0 4458 0.007401 3514 0.011383 3514 0 40 0 0 0 0.000000 0 0.000000 0 0 0 0 0 0 0.000000 0 0.000000 0 0 0 0 0 0 0.000000 0 0.000000 0 0 0 0 0 3548 0.009297 3134 0.009572 3134 1 30 0 0 0 0.000000 0 0.000000 0 0 0 0 0 0 0.000000 0 0.000000 0 0 0 0 0 0 0.000000 0 0.000000 0 0 0 0 0 3655 0.010096 2961 0.010132 2961 1 30 0 0 0 0.000000 0 0.000000 0 0 0 0 0 0 0.000000 0 0.000000 0 0 0 0 0 0 0.000000 0 0.000000 0 0 0 
316220 6:0:4 1 5 4458 0.007401 3514 0.011383 3514 1 40 0 0 0 0.000000 0 0.000000 0 0 0 0 0 0 0.000000 0 0.000000 0 0 0 0 0 0 0.000000 0 0.000000 0 0 0 1 -1 3548 0.009297 3134 0.009572 3134 1 30 0 0 0 0.000000 0 0.000000 0 0 0 0 0 0 0.000000 0 0.000000 0 0 0 0 0 0 0.000000 0 0.000000 0 0 0 1 -1 3655 0.010096 2961 0.010132 2961 1 30 0 0 0 0.000000 0 0.000000 0 0 0 0 0 0 0.000000 0 0.000000 0 0 0 0 0 0 0.000000 0 0.000000 0 0 0 
318206 6:33:10 0 5 4458 0.007401 3514 0.011383 3514 0 40 0 0 0 0.000000 0 0.000000 0 0 0 0 0 0 0.000000 0 0.000000 0 0 0 0 0 0 0.000000 0 0.000000 0 0 0 0 -1 3548 0.009297 3134 0.009572 3134 1 30 0 0 0 0.000000 0 0.000000 0 0 0 0 0 0 0.000000 0 0.000000 0 0 0 0 0 0 0.000000 0 0.000000 0 0 0 0 -1 3655 0.010096 2961 0.010132 2961 1 30 0 0 0 0.000000 0 0.000000 0 0 0 0 0 0 0.000000 0 0.000000 0 0 0 0 0 0 0.000000 0 0.000000 0 0 0 
318206 6:33:10 0 0 4458 0.007401 3514 0.011383 3514 0 0 0 0 0 0.000000 0 0.000000 0 0 0 0 0 0 0.000000 0 0.000000 0 0 0 0 0 0 0.000000 0 0.000000 0 0 0 0 0 3548 0.009297 3134 0.009572 3134 1 0 0 0 0 0.000000 0 0.000000 0 0 0 0 0 0 0.000000 0 0.000000 0 0 0 0 0 0 0.000000 0 0.000000 0 0 0 0 0 3655 0.010096 2961 0.010132 2961 1 0 0 0 0 0.000000 0 0.000000 0 0 0 0 0 0 0.000000 0 0.000000 0 0 0 0 0 0 0.000000 0 0.000000 0 0 0 
318206 6:33:10 0 0 4458 0.007401 3514 0.011383 3514 0 0 0 0 0 0.000000 0 0.000000 0 0 0 0 0 0 0.000000 0 0.000000 0 0 0 0 0 0 0.000000 0 0.000000 0 0 0 0 0 3548 0.009297 3134 0.009572 3134 1 0 0 0 0 0.000000 0 0.000000 0 0 0 0 0 0 0.000000 0 0.000000 0 0 0 0 0 0 0.000000 0 0.000000 0 0 0 0 0 3655 0.010096 2961 0.010132 2961 1 0 0 0 0 0.000000 0 0.000000 0 0 0 0 0 0 0.000000 0 0.000000 0 0 0 0 0 0 0.000000 0 0.000000 0 0 0 
359488 18:1:12 0 0 4458 0.007401 3514 0.011383 3514 0 40 0 0 0 0.000000 0 0.000000 0 0 0 0 0 0 0.000000 0 0.000000 0 0 0 0 0 0 0.000000 0 0.000000 0 0 0 0 0 3548 0.009297 3134 0.009572 3134 1 30 0 0 0 0.000000 0 0.000000 0 0 0 0 0 0 0.000000 0 0.000000 0 0 0 0 0 0 0.000000 0 0.000000 0 0 0 0 0 3655 0.010096 2961 0.010132 2961 1 30 0 0 0 0.000000 0 0.000000 0 0 0 0 0 0 0.000000 0 0.000000 0 0 0 0 0 0 0.000000 0 0.000000 0 0 0 
402630 6:0:14 1 0 4458 0.007401 3514 0.011383 3514 1 40 0 0 0 0.000000 0 0.000000 0 0 0 0 0 0 0.000000 0 0.000000 0 0 0 0 0 0 0.000000 0 0.000000 0 0 0 1 -5 3548 0.009297 3134 0.009572 3134 1 30 0 0 0 0.000000 0 0.000000 0 0 0 0 0 0 0.000000 0 0.000000 0 0 0 0 0 0 0.000000 0 0.000000 0 0 0 1 -5 3655 0.010096 2961 0.010132 2961 1 30 0 0 0 0.000000 0 0.000000 0 0 0 0 0 0 0.000000 0 0.000000 0 0 0 0 0 0 0.000000 0 0.000000 0 0 0 
402690 6:1:14 0 0 4458 0.007401 3514 0.011383 3514 0 40 0 0 0 0.000000 0 0.000000 0 0 0 0 0 0 0.000000 0 0.000000 0 0 0 0 0 0 0.000000 0 0.000000 0 0 0 0 -5 3548 0.009297 3134 0.009572 3134 1 30 0 0 0 0.000000 0 0.000000 0 0 0 0 0 0 0.000000 0 0.000000 0 0 0 0 0 0 0.000000 0 0.000000 0 0 0 0 -5 3655 0.010096 2961 0.010132 2961 1 30 0 0 0 0.000000 0 0.000000 0 0 0 0 0 0 0.000000 0 0.000000 0 0 0 0 0 0 0.000000 0 0.000000 0 0 0 
402690 6:1:14 0 0 4458 0.007401 3514 0.011383 3514 0 0 0 0 0 0.000000 0 0.000000 0 0 0 0 0 0 0.000000 0 0.000000 0 0 0 0 0 0 0.000000 0 0.000000 0 0 0 0 0 3548 0.009297 3134 0.009572 3134 1 0 0 0 0 0.000000 0 0.000000 0 0 0 0 0 0 0.000000 0 0.000000 0 0 0 0 0 0 0.000000 0 0.000000 0 0 0 0 0 3655 0.010096 2961 0.010132 2961 1 0 0 0 0 0.000000 0 0.000000 0 0 0 0 0 0 0.000000 0 0.000000 0 0 0 0 0 0 0.000000 0 0.000000 0 0 0 
402690 6:1:14 0 0 4458 0.007401 3514 0.011383 3514 0 0 0 0 0 0.000000 0 0.000000 0 0 0 0 0 0 0.000000 0 0.000000 0 0 0 0 0 0 0.000000 0 0.000000 0 0 0 0 0 3548 0.009297 3134 0.009572 3134 1 0 0 0 0 0.000000 0 0.000000 0 0 0 0 0 0 0.000000 0 0.000000 0 0 0 0 0 0 0.000000 0 0.000000 0 0 0 0 0 3655 0.010096 2961 0.010132 2961 1 0 0 0 0 0.000000 0 0.000000 0 0 0 0 0 0 0.000000 0 0.000000 0 0 0 0 0 0 0.000000 0 0.000000 0 0 0 
445924 18:1:48 0 0 4458 0.007401 3514 0.011383 3514 0 40 0 0 0 0.000000 0 0.000000 0 0 0 0 0 0 0.000000 0 0.000000 0 0 0 0 0 0 0.000000 0 0.000000 0 0 0 0 0 3548 0.009297 3134 0.009572 3134 1 30 0 0 0 0.000000 0 0.000000 0 0 0 0 0 0 0.000000 0 0.000000 0 0 0 0 0 0 0.000000 0 0.000000 0 0 0 0 0 3655 0.010096 2961 0.010132 2961 1 30 0 0 0 0.000000 0 0.000000 0 0 0 0 0 0 0.000000 0 0.000000 0 0 0 0 0 0 0.000000 0 0.000000 0 0 0 
489065 6:0:49 1 -3 4458 0.007401 3514 0.011383 3514 1 40 0 0 0 0.000000 0 0.000000 0 0 0 0 0 0 0.000000 0 0.000000 0 0 0 0 0 0 0.000000 0 0.000000 0 0 0 1 -10 3548 0.009297 3134 0.009572 3134 1 30 0 0 0 0.000000 0 0.000000 0 0 0 0 0 0 0.000000 0 0.000000 0 0 0 0 0 0 0.000000 0 0.000000 0 0 0 1 -5 3655 0.010096 2961 0.010132 2961 1 30 0 0 0 0.000000 0 0.000000 0 0 0 0 0 0 0.000000 0 0.000000 0 0 0 0 0 0 0.000000 0 0.000000 0 0 0 
489125 6:1:49 0 -3 4458 0.007401 3514 0.011383 3514 0 40 0 0 0 0.000000 0 0.000000 0 0 0 0 0 0 0.000000 0 0.000000 0 0 0 0 0 0 0.000000 0 0.000000 0 0 0 0 -10 3548 0.009297 3134 0.009572 3134 1 30 0 0 0 0.000000 0 0.000000 0 0 0 0 0 0 0.000000 0 0.000000 0 0 0 0 0 0 0.000000 0 0.000000 0 0 0 0 -5 3655 0.010096 2961 0.010132 2961 1 30 0 0 0 0.000000 0 0.000000 0 0 0 0 0 0 0.000000 0 0.000000 0 0 0 0 0 0 0.000000 0 0.000000 0 0 0 
489125 6:1:49 0 0 4458 0.007401 3514 0.011383 3514 0 0 0 0 0 0.000000 0 0.000000 0 0 0 0 0 0 0.000000 0 0.000000 0 0 0 0 0 0 0.000000 0 0.000000 0 0 0 0 0 3548 0.009297 3134 0.009572 3134 1 0 0 0 0 0.000000 0 0.000000 0 0 0 0 0 0 0.000000 0 0.000000 0 0 0 0 0 0 0.000000 0 0.000000 0 0 0 0 0 3655 0.010096 2961 0.010132 2961 1 0 0 0 0 0.000000 0 0.000000 0 0 0 0 0 0 0.000000 0 0.000000 0 0 0 0 0 0 0.000000 0 0.000000 0 0 0 
489125 6:1:49 0 0 4458 0.007401 3514 0.011383 3514 0 0 0 0 0 0.000000 0 0.000000 0 0 0 0 0 0 0.000000 0 0.000000 0 0 0 0 0 0 0.000000 0 0.000000 0 0 0 0 0 3548 0.009297 3134 0.009572 3134 1 0 0 0 0 0.000000 0 0.000000 0 0 0 0 0 0 0.000000 0 0.000000 0 0 0 0 0 0 0.000000 0 0.000000 0 0 0 0 0 3655 0.010096 2961 0.010132 2961 1 0 0 0 0 0.000000 0 0.000000 0 0 0 0 0 0 0.000000 0 0.000000 0 0 0 0 0 0 0.000000 0 0.000000 0 0 0 
532327 18:1:51 0 0 4458 0.007401 3514 0.011383 3514 0 40 0 0 0 0.000000 0 0.000000 0 0 0 0 0 0 0.000000 0 0.000000 0 0 0 0 0 0 0.000000 0 0.000000 0 0 0 0 0 3548 0.009297 3134 0.009572 3134 1 30 0 0 0 0.000000 0 0.000000 0 0 0 0 0 0 0.000000 0 0.000000 0 0 0 0 0 0 0.000000 0 0.000000 0 0 0 0 0 3655 0.010096 2961 0.010132 2961 1 30 0 0 0 0.000000 0 0.000000 0 0 0 0 0 0 0.000000 0 0.000000 0 0 0 0 0 0 0.000000 0 0.000000 0 0 0 
575464 6:0:48 1 -6 4458 0.007401 3514 0.011383 3514 1 40 0 0 0 0.000000 0 0.000000 0 0 0 0 0 0 0.000000 0 0.000000 0 0 0 0 0 0 0.000000 0 0.000000 0 0 0 1 -10 3548 0.009297 3134 0.009572 3134 1 30 0 0 0 0.000000 0 0.000000 0 0 0 0 0 0 0.000000 0 0.000000 0 0 0 0 0 0 0.000000 0 0.000000 0 0 0 1 -1 3655 0.010096 2961 0.010132 2961 1 30 0 0 0 0.000000 0 0.000000 0 0 0 0 0 0 0.000000 0 0.000000 0 0 0 0 0 0 0.000000 0 0.000000 0 0 0 
575524 6:1:48 0 -6 4458 0.007401 3514 0.011383 3514 0 40 0 0 0 0.000000 0 0.000000 0 0 0 0 0 0 0.000000 0 0.000000 0 0 0 0 0 0 0.000000 0 0.000000 0 0 0 0 -10 3548 0.009297 3134 0.009572 3134 1 30 0 0 0 0.000000 0 0.000000 0 0 0 0 0 0 0.000000 0 0.000000 0 0 0 0 0 0 0.000000 0 0.000000 0 0 0 0 -1 3655 0.010096 2961 0.010132 2961 1 30 0 0 0 0.000000 0 0.000000 0 0 0 0 0 0 0.000000 0 0.000000 0 0 0 0 0 0 0.000000 0 0.000000 0 0 0 
575524 6:1:48 0 0 4458 0.007401 3514 0.011383 3514 0 0 0 0 0 0.000000 0 0.000000 0 0 0 0 0 0 0.000000 0 0.000000 0 0 0 0 0 0 0.000000 0 0.000000 0 0 0 0 0 3548 0.009297 3134 0.009572 3134 1 0 0 0 0 0.000000 0 0.000000 0 0 0 0 0 0 0.000000 0 0.000000 0 0 0 0 0 0 0.000000 0 0.000000 0 0 0 0 0 3655 0.010096 2961 0.010132 2961 1 0 0 0 0 0.000000 0 0.000000 0 0 0 0 0 0 0.000000 0 0.000000 0 0 0 0 0 0 0.000000 0 0.000000 0 0 0 
575524 6:1:48 0 0 4458 0.007401 3514 0.011383 3514 0 0 0 0 0 0.000000 0 0.000000 0 0 0 0 0 0 0.000000 0 0.000000 0 0 0 0 0 0 0.000000 0 0.000000 0 0 0 0 0 3548 0.009297 3134 0.009572 3134 1 0 0 0 0 0.000000 0 0.000000 0 0 0 0 0 0 0.000000 0 0.000000 0 0 0 0 0 0 0.000000 0 0.000000 0 0 0 0 0 3655 0.010096 2961 0.010132 2961 1 0 0 0 0 0.000000 0 0.000000 0 0 0 0 0 0 0.000000 0 0.000000 0 0 0 0 0 0 0.000000 0 0.000000 0 0 0 
618692 18:1:16 0 0 4458 0.007401 3514 0.011383 3514 0 40 0 0 0 0.000000 0 0.000000 0 0 0 0 0 0 0.000000 0 0.000000 0 0 0 0 0 0 0.000000 0 0.000000 0 0 0 0 0 3548 0.009297 3134 0.009572 3134 1 30 0 0 0 0.000000 0 0.000000 0 0 0 0 0 0 0.000000 0 0.000000 0 0 0 0 0 0 0.000000 0 0.000000 0 0 0 0 0 3655 0.010096 2961 0.010132 2961 1 30 0 0 0 0.000000 0 0.000000 0 0 0 0 0 0 0.000000 0 0.000000 0 0 0 0 0 0 0.000000 0 0.000000 0 0 0 
661847 6:0:31 1 -9 4458 0.007401 3514 0.011383 3514 1 40 0 0 0 0.000000 0 0.000000 0 0 0 0 0 0 0.000000 0 0.000000 0 0 0 0 0 0 0.000000 0 0.000000 0 0 0 1 -13 3548 0.009297 3134 0.009572 3134 1 30 0 0 0 0.000000 0 0.000000 0 0 0 0 0 0 0.000000 0 0.000000 0 0 0 0 0 0 0.000000 0 0.000000 0 0 0 1 -9 3655 0.010096 2961 0.010132 2961 1 30 0 0 0 0.000000 0 0.000000 0 0 0 0 0 0 0.000000 0 0.000000 0 0 0 0 0 0 0.000000 0 0.000000 0 0 0 
661908 6:1:32 0 -9 4458 0.007401 3514 0.011383 3514 0 40 0 0 0 0.000000 0 0.000000 0 0 0 0 0 0 0.000000 0 0.000000 0 0 0 0 0 0 0.000000 0 0.000000 0 0 0 0 -13 3548 0.009297 3134 0.009572 3134 1 30 0 0 0 0.000000 0 0.000000 0 0 0 0 0 0 0.000000 0 0.000000 0 0 0 0 0 0 0.000000 0 0.000000 0 0 0 0 -9 3655 0.010096 2961 0.010132 2961 1 30 0 0 0 0.000000 0 0.000000 0 0 0 0 0 0 0.000000 0 0.000000 0 0 0 0 0 0 0.000000 0 0.000000 0 0 0 
661908 6:1:32 0 0 4458 0.007401 3514 0.011383 3514 0 0 0 0 0 0.000000 0 0.000000 0 0 0 0 0 0 0.000000 0 0.000000 0 0 0 0 0 0 0.000000 0 0.000000 0 0 0 0 0 3548 0.009297 3134 0.009572 3134 1 0 0 0 0 0.000000 0 0.000000 0 0 0 0 0 0 0.000000 0 0.000000 0 0 0 0 0 0 0.000000 0 0.000000 0 0 0 0 0 3655 0.010096 2961 0.010132 2961 1 0 0 0 0 0.000000 0 0.000000 0 0 0 0 0 0 0.000000 0 0.000000 0 0 0 0 0 0 0.000000 0 0.000000 0 0 0 
661908 6:1:32 0 0 4458 0.007401 3514 0.011383 3514 0 0 0 0 0 0.000000 0 0.000000 0 0 0 0 0 0 0.000000 0 0.000000 0 0 0 0 0 0 0.000000 0 0.000000 0 0 0 0 0 3548 0.009297 3134 0.009572 3134 1 0 0 0 0 0.000000 0 0.000000 0 0 0 0 0 0 0.000000 0 0.000000 0 0 0 0 0 0 0.000000 0 0.000000 0 0 0 0 0 3655 0.010096 2961 0.010132 2961 1 0 0 0 0 0.000000 0 0.000000 0 0 0 0 0 0 0.000000 0 0.000000 0 0 0 0 0 0 0.000000 0 0.000000 0 0 0 
705119 18:1:43 0 0 4458 0.007401 3514 0.011383 3514 0 40 0 0 0 0.000000 0 0.000000 0 0 0 0 0 0 0.000000 0 0.000000 0 0 0 0 0 0 0.000000 0 0.000000 0 0 0 0 0 3548 0.009297 3134 0.009572 3134 1 30 0 0 0 0.000000 0 0.000000 0 0 0 0 0 0 0.000000 0 0.000000 0 0 0 0 0 0 0.000000 0 0.000000 0 0 0 0 0 3655 0.010096 2961 0.010132 2961 1 30 0 0 0 0.000000 0 0.000000 0 0 0 0 0 0 0.000000 0 0.000000 0 0 0 0 0 0 0.000000 0 0.000000 0 0 0 
748273 6:0:57 1 -9 4458 0.007401 3514 0.011383 3514 1 40 0 0 0 0.000000 0 0.000000 0 0 0 0 0 0 0.000000 0 0.000000 0 0 0 0 0 0 0.000000 0 0.000000 0 0 0 1 -13 3548 0.009297 3134 0.009572 3134 1 30 0 0 0 0.000000 0 0.000000 0 0 0 0 0 0 0.000000 0 0.000000 0 0 0 0 0 0 0.000000 0 0.000000 0 0 0 1 -12 3655 0.010096 2961 0.010132 2961 1 30 0 0 0 0.000000 0 0.000000 0 0 0 0 0 0 0.000000 0 0.000000 0 0 0 0 0 0 0.000000 0 0.000000 0 0 0 
748333 6:1:57 0 -9 4458 0.007401 3514 0.011383 3514 0 40 0 0 0 0.000000 0 0.000000 0 0 0 0 0 0 0.000000 0 0.000000 0 0 0 0 0 0 0.000000 0 0.000000 0 0 0 0 -13 3548 0.009297 3134 0.009572 3134 1 30 0 0 0 0.000000 0 0.000000 0 0 0 0 0 0 0.000000 0 0.000000 0 0 0 0 0 0 0.000000 0 0.000000 0 0 0 0 -12 3655 0.010096 2961 0.010132 2961 1 30 0 0 0 0.000000 0 0.000000 0 0 0 0 0 0 0.000000 0 0.000000 0 0 0 0 0 0 0.000000 0 0.000000 0 0 0 
748333 6:1:57 0 0 4458 0.007401 3514 0.011383 3514 0 0 0 0 0 0.000000 0 0.000000 0 0 0 0 0 0 0.000000 0 0.000000 0 0 0 0 0 0 0.000000 0 0.000000 0 0 0 0 0 3548 0.009297 3134 0.009572 3134 1 0 0 0 0 0.000000 0 0.000000 0 0 0 0 0 0 0.000000 0 0.000000 0 0 0 0 0 0 0.000000 0 0.000000 0 0 0 0 0 3655 0.010096 2961 0.010132 2961 1 0 0 0 0 0.000000 0 0.000000 0 0 0 0 0 0 0.000000 0 0.000000 0 0 0 0 0 0 0.000000 0 0.000000 0 0 0 
748333 6:1:57 0 0 4458 0.007401 3514 0.011383 3514 0 0 0 0 0 0.000000 0 0.000000 0 0 0 0 0 0 0.000000 0 0.000000 0 0 0 0 0 0 0.000000 0 0.000000 0 0 0 0 0 3548 0.009297 3134 0.009572 3134 1 0 0 0 0 0.000000 0 0.000000 0 0 0 0 0 0 0.000000 0 0.000000 0 0 0 0 0 0 0.000000 0 0.000000 0 0 0 0 0 3655 0.010096 2961 0.010132 2961 1 0 0 0 0 0.000000 0 0.000000 0 0 0 0 0 0 0.000000 0 0.000000 0 0 0 0 0 0 0.000000 0 0.000000 0 0 0 
791528 18:1:52 0 0 4458 0.007401 3514 0.011383 3514 0 40 0 0 0 0.000000 0 0.000000 0 0 0 0 0 0 0.000000 0 0.000000 0 0 0 0 0 0 0.000000 0 0.000000 0 0 0 0 0 3548 0.009297 3134 0.009572 3134 1 30 0 0 0 0.000000 0 0.000000 0 0 0 0 0 0 0.000000 0 0.000000 0 0 0 0 0 0 0.000000 0 0.000000 0 0 0 0 0 3655 0.010096 2961 0.010132 2961 1 30 0 0 0 0.000000 0 0.000000 0 0 0 0 0 0 0.000000 0 0.000000 0 0 0 0 0 0 0.000000 0 0.000000 0 0 0 
834618 6:0:2 1 -6 4458 0.007401 3514 0.011383 3514 1 40 0 0 0 0.000000 0 0.000000 0 0 0 0 0 0 0.000000 0 0.000000 0 0 0 0 0 0 0.000000 0 0.000000 0 0 0 1 -9 3548 0.009297 3134 0.009572 3134 1 30 0 0 0 0.000000 0 0.000000 0 0 0 0 0 0 0.000000 0 0.000000 0 0 0 0 0 0 0.000000 0 0.000000 0 0 0 1 -4 3655 0.010096 2961 0.010132 2961 1 30 0 0 0 0.000000 0 0.000000 0 0 0 0 0 0 0.000000 0 0.000000 0 0 0 0 0 0 0.000000 0 0.000000 0 0 0 
834679 6:1:3 0 -6 4458 0.007401 3514 0.011383 3514 0 40 0 0 0 0.000000 0 0.000000 0 0 0 0 0 0 0.000000 0 0.000000 0 0 0 0 0 0 0.000000 0 0.000000 0 0 0 0 -9 3548 0.009297 3134 0.009572 3134 1 30 0 0 0 0.000000 0 0.000000 0 0 0 0 0 0 0.000000 0 0.000000 0 0 0 0 0 0 0.000000 0 0.000000 0 0 0 0 -4 3655 0.010096 2961 0.010132 2961 1 30 0 0 0 0.000000 0 0.000000 0 0 0 0 0 0 0.000000 0 0.000000 0 0 0 0 0 0 0.000000 0 0.000000 0 0 0 
834679 6:1:3 0 0 4458 0.007401 3514 0.011383 3514 0 0 0 0 0 0.000000 0 0.000000 0 0 0 0 0 0 0.000000 0 0.000000 0 0 0 0 0 0 0.000000 0 0.000000 0 0 0 0 0 3548 0.009297 3134 0.009572 3134 1 0 0 0 0 0.000000 0 0.000000 0 0 0 0 0 0 0.000000 0 0.000000 0 0 0 0 0 0 0.000000 0 0.000000 0 0 0 0 0 3655 0.010096 2961 0.010132 2961 1 0 0 0 0 0.000000 0 0.000000 0 0 0 0 0 0 0.000000 0 0.000000 0 0 0 0 0 0 0.000000 0 0.000000 0 0 0 
834679 6:1:3 0 0 4458 0.007401 3514 0.011383 3514 0 0 0 0 0 0.000000 0 0.000000 0 0 0 0 0 0 0.000000 0 0.000000 0 0 0 0 0 0 0.000000 0 0.000000 0 0 0 0 0 3548 0.009297 3134 0.009572 3134 1 0 0 0 0 0.000000 0 0.000000 0 0 0 0 0 0 0.000000 0 0.000000 0 0 0 0 0 0 0.000000 0 0.000000 0 0 0 0 0 3655 0.010096 2961 0.010132 2961 1 0 0 0 0 0.000000 0 0.000000 0 0 0 0 0 0 0.000000 0 0.000000 0 0 0 0 0 0 0.000000 0 0.000000 0 0 0 
877934 18:1:58 0 0 4458 0.007401 3514 0.011383 3514 0 40 0 0 0 0.000000 0 0.000000 0 0 0 0 0 0 0.000000 0 0.000000 0 0 0 0 0 0 0.000000 0 0.000000 0 0 0 0 0 3548 0.009297 3134 0.009572 3134 1 30 0 0 0 0.000000 0 0.000000 0 0 0 0 0 0 0.000000 0 0.000000 0 0 0 0 0 0 0.000000 0 0.000000 0 0 0 0 0 3655 0.010096 2961 0.010132 2961 1 30 0 0 0 0.000000 0 0.000000 0 0 0 0 0 0 0.000000 0 0.000000 0 0 0 0 0 0 0.000000 0 0.000000 0 0 0 
921020 6:0:4 1 -6 4458 0.007401 3514 0.011383 3514 1 40 0 0 0 0.000000 0 0.000000 0 0 0 0 0 0 0.000000 0 0.000000 0 0 0 0 0 0 0.000000 0 0.000000 0 0 0 1 -10 3548 0.009297 3134 0.009572 3134 1 30 0 0 0 0.000000 0 0.000000 0 0 0 0 0 0 0.000000 0 0.000000 0 0 0 0 0 0 0.000000 0 0.000000 0 0 0 1 -9 3655 0.010096 2961 0.010132 2961 1 30 0 0 0 0.000000 0 0.000000 0 0 0 0 0 0 0.000000 0 0.000000 0 0 0 0 0 0 0.000000 0 0.000000 0 0 0 
921080 6:1:4 0 -6 4458 0.007401 3514 0.011383 3514 0 40 0 0 0 0.000000 0 0.000000 0 0 0 0 0 0 0.000000 0 0.000000 0 0 0 0 0 0 0.000000 0 0.000000 0 0 0 0 -10 3548 0.009297 3134 0.009572 3134 1 30 0 0 0 0.000000 0 0.000000 0 0 0 0 0 0 0.000000 0 0.000000 0 0 0 0 0 0 0.000000 0 0.000000 0 0 0 0 -9 3655 0.010096 2961 0.010132 2961 1 30 0 0 0 0.000000 0 0.000000 0 0 0 0 0 0 0.000000 0 0.000000 0 0 0 0 0 0 0.000000 0 0.000000 0 0 0 
921080 6:1:4 0 0 4458 0.007401 3514 0.011383 3514 0 0 0 0 0 0.000000 0 0.000000 0 0 0 0 0 0 0.000000 0 0.000000 0 0 0 0 0 0 0.000000 0 0.000000 0 0 0 0 0 3548 0.009297 3134 0.009572 3134 1 0 0 0 0 0.000000 0 0.000000 0 0 0 0 0 0 0.000000 0 0.000000 0 0 0 0 0 0 0.000000 0 0.000000 0 0 0 0 0 3655 0.010096 2961 0.010132 2961 1 0 0 0 0 0.000000 0 0.000000 0 0 0 0 0 0 0.000000 0 0.000000 0 0 0 0 0 0 0.000000 0 0.000000 0 0 0 
921080 6:1:4 0 0 4458 0.007401 3514 0.011383 3514 0 0 0 0 0 0.000000 0 0.000000 0 0 0 0 0 0 0.000000 0 0.000000 0 0 0 0 0 0 0.000000 0 0.000000 0 0 0 0 0 3548 0.009297 3134 0.009572 3134 1 0 0 0 0 0.000000 0 0.000000 0 0 0 0 0 0 0.000000 0 0.000000 0 0 0 0 0 0 0.000000 0 0.000000 0 0 0 0 0 3655 0.010096 2961 0.010132 2961 1 0 0 0 0 0.000000 0 0.000000 0 0 0 0 0 0 0.000000 0 0.000000 0 0 0 0 0 0 0.000000 0 0.000000 0 0 0 
964296 18:1:20 0 0 4458 0.007401 3514 0.011383 3514 0 40 0 0 0 0.000000 0 0.000000 0 0 0 0 0 0 0.000000 0 0.000000 0 0 0 0 0 0 0.000000 0 0.000000 0 0 0 0 0 3548 0.009297 3134 0.009572 3134 1 30 0 0 0 0.000000 0 0.000000 0 0 0 0 0 0 0.000000 0 0.000000 0 0 0 0 0 0 0.000000 0 0.000000 0 0 0 0 0 3655 0.010096 2961 0.010132 2961 1 30 0 0 0 0.000000 0 0.000000 0 0 0 0 0 0 0.000000 0 0.000000 0 0 0 0 0 0 0.000000 0 0.000000 0 0 0 
1007461 6:0:45 1 0 4458 0.007401 3514 0.011383 3514 1 40 0 0 0 0.000000 0 0.000000 0 0 0 0 0 0 0.000000 0 0.000000 0 0 0 0 0 0 0.000000 0 0.000000 0 0 0 1 -4 3548 0.009297 3134 0.009572 3134 1 30 0 0 0 0.000000 0 0.000000 0 0 0 0 0 0 0.000000 0 0.000000 0 0 0 0 0 0 0.000000 0 0.000000 0 0 0 1 -4 3655 0.010096 2961 0.010132 2961 1 30 0 0 0 0.000000 0 0.000000 0 0 0 0 0 0 0.000000 0 0.000000 0 0 0 0 0 0 0.000000 0 0.000000 0 0 0 
1007522 6:1:46 0 0 4458 0.007401 3514 0.011383 3514 0 40 0 0 0 0.000000 0 0.000000 0 0 0 0 0 0 0.000000 0 0.000000 0 0 0 0 0 0 0.000000 0 0.000000 0 0 0 0 -4 3548 0.009297 3134 0.009572 3134 1 30 0 0 0 0.000000 0 0.000000 0 0 0 0 0 0 0.000000 0 0.000000 0 0 0 0 0 0 0.000000 0 0.000000 0 0 0 0 -4 3655 0.010096 2961 0.010132 2961 1 30 0 0 0 0.000000 0 0.000000 0 0 0 0 0 0 0.000000 0 0.000000 0 0 0 0 0 0 0.000000 0 0.000000 0 0 0 
1007522 6:1:46 0 0 4458 0.007401 3514 0.011383 3514 0 0 0 0 0 0.000000 0 0.000000 0 0 0 0 0 0 0.000000 0 0.000000 0 0 0 0 0 0 0.000000 0 0.000000 0 0 0 0 0 3548 0.009297 3134 0.009572 3134 1 0 0 0 0 0.000000 0 0.000000 0 0 0 0 0 0 0.000000 0 0.000000 0 0 0 0 0 0 0.000000 0 0.000000 0 0 0 0 0 3655 0.010096 2961 0.010132 2961 1 0 0 0 0 0.000000 0 0.000000 0 0 0 0 0 0 0.000000 0 0.000000 0 0 0 0 0 0 0.000000 0 0.000000 0 0 0 
1007522 6:1:46 0 0 4458 0.007401 3514 0.011383 3514 0 0 0 0 0 0.000000 0 0.000000 0 0 0 0 0 0 0.000000 0 0.000000 0 0 0 0 0 0 0.000000 0 0.000000 0 0 0 0 0 3548 0.009297 3134 0.009572 3134 1 0 0 0 0 0.000000 0 0.000000 0 0 0 0 0 0 0.000000 0 0.000000 0 0 0 0 0 0 0.000000 0 0.000000 0 0 0 0 0 3655 0.010096 2961 0.010132 2961 1 0 0 0 0 0.000000 0 0.000000 0 0 0 0 0 0 0.000000 0 0.000000 0 0 0 0 0 0 0.000000 0 0.000000 0 0 0 
1050677 18:1:1 0 0 4458 0.007401 3514 0.011383 3514 0 40 0 0 0 0.000000 0 0.000000 0 0 0 0 0 0 0.000000 0 0.000000 0 0 0 0 0 0 0.000000 0 0.000000 0 0 0 0 0 3548 0.009297 3134 0.009572 3134 1 30 0 0 0 0.000000 0 0.000000 0 0 0 0 0 0 0.000000 0 0.000000 0 0 0 0 0 0 0.000000 0 0.000000 0 0 0 0 0 3655 0.010096 2961 0.010132 2961 1 30 0 0 0 0.000000 0 0.000000 0 0 0 0 0 0 0.000000 0 0.000000 0 0 0 0 0 0 0.000000 0 0.000000 0 0 0 
1093832 6:0:16 1 0 4458 0.007401 3514 0.011383 3514 1 40 0 0 0 0.000000 0 0.000000 0 0 0 0 0 0 0.000000 0 0.000000 0 0 0 0 0 0 0.000000 0 0.000000 0 0 0 1 -5 3548 0.009297 3134 0.009572 3134 1 30 0 0 0 0.000000 0 0.000000 0 0 0 0 0 0 0.000000 0 0.000000 0 0 0 0 0 0 0.000000 0 0.000000 0 0 0 1 -5 3655 0.010096 2961 0.010132 2961 1 30 0 0 0 0.000000 0 0.000000 0 0 0 0 0 0 0.000000 0 0.000000 0 0 0 0 0 0 0.000000 0 0.000000 0 0 0 
1093892 6:1:16 0 0 4458 0.007401 3514 0.011383 3514 0 40 0 0 0 0.000000 0 0.000000 0 0 0 0 0 0 0.000000 0 0.000000 0 0 0 0 0 0 0.000000 0 0.000000 0 0 0 0 -5 3548 0.009297 3134 0.009572 3134 1 30 0 0 0 0.000000 0 0.000000 0 0 0 0 0 0 0.000000 0 0.000000 0 0 0 0 0 0 0.000000 0 0.000000 0 0 0 0 -5 3655 0.010096 2961 0.010132 2961 1 30 0 0 0 0.000000 0 0.000000 0 0 0 0 0 0 0.000000 0 0.000000 0 0 0 0 0 0 0.000000 0 0.000000 0 0 0 
1093892 6:1:16 0 0 4458 0.007401 3514 0.011383 3514 0 0 0 0 0 0.000000 0 0.000000 0 0 0 0 0 0 0.000000 0 0.000000 0 0 0 0 0 0 0.000000 0 0.000000 0 0 0 0 0 3548 0.009297 3134 0.009572 3134 1 0 0 0 0 0.000000 0 0.000000 0 0 0 0 0 0 0.000000 0 0.000000 0 0 0 0 0 0 0.000000 0 0.000000 0 0 0 0 0 3655 0.010096 2961 0.010132 2961 1 0 0 0 0 0.000000 0 0.000000 0 0 0 0 0 0 0.000000 0 0.000000 0 0 0 0 0 0 0.000000 0 0.000000 0 0 0 
1093892 6:1:16 0 0 4458 0.007401 3514 0.011383 3514 0 0 0 0 0 0.000000 0 0.000000 0 0 0 0 0 0 0.000000 0 0.000000 0 0 0 0 0 0 0.000000 0 0.000000 0 0 0 0 0 3548 0.009297 3134 0.009572 3134 1 0 0 0 0 0.000000 0 0.000000 0 0 0 0 0 0 0.000000 0 0.000000 0 0 0 0 0 0 0.000000 0 0.000000 0 0 0 0 0 3655 0.010096 2961 0.010132 2961 1 0 0 0 0 0.000000 0 0.000000 0 0 0 0 0 0 0.000000 0 0.000000 0 0 0 0 0 0 0.000000 0 0.000000 0 0 0 
1137082 18:1:6 0 0 4458 0.007401 3514 0.011383 3514 0 40 0 0 0 0.000000 0 0.000000 0 0 0 0 0 0 0.000000 0 0.000000 0 0 0 0 0 0 0.000000 0 0.000000 0 0 0 0 0 3548 0.009297 3134 0.009572 3134 1 30 0 0 0 0.000000 0 0.000000 0 0 0 0 0 0 0.000000 0 0.000000 0 0 0 0 0 0 0.000000 0 0.000000 0 0 0 0 0 3655 0.010096 2961 0.010132 2961 1 30 0 0 0 0.000000 0 0.000000 0 0 0 0 0 0 0.000000 0 0.000000 0 0 0 0 0 0 0.000000 0 0.000000 0 0 0 
1180228 6:0:12 1 -7 4458 0.007401 3514 0.011383 3514 1 40 0 0 0 0.000000 0 0.000000 0 0 0 0 0 0 0.000000 0 0.000000 0 0 0 0 0 0 0.000000 0 0.000000 0 0 0 1 -16 3548 0.009297 3134 0.009572 3134 1 30 0 0 0 0.000000 0 0.000000 0 0 0 0 0 0 0.000000 0 0.000000 0 0 0 0 0 0 0.000000 0 0.000000 0 0 0 1 -16 3655 0.010096 2961 0.010132 2961 1 30 0 0 0 0.000000 0 0.000000 0 0 0 0 0 0 0.000000 0 0.000000 0 0 0 0 0 0 0.000000 0 0.000000 0 0 0 
1180288 6:1:12 0 -7 4458 0.007401 3514 0.011383 3514 0 40 0 0 0 0.000000 0 0.000000 0 0 0 0 0 0 0.000000 0 0.000000 0 0 0 0 0 0 0.000000 0 0.000000 0 0 0 0 -16 3548 0.009297 3134 0.009572 3134 1 30 0 0 0 0.000000 0 0.000000 0 0 0 0 0 0 0.000000 0 0.000000 0 0 0 0 0 0 0.000000 0 0.000000 0 0 0 0 -16 3655 0.010096 2961 0.010132 2961 1 30 0 0 0 0.000000 0 0.000000 0 0 0 0 0 0 0.000000 0 0.000000 0 0 0 0 0 0 0.000000 0 0.000000 0 0 0 
1180288 6:1:12 0 0 4458 0.007401 3514 0.011383 3514 0 0 0 0 0 0.000000 0 0.000000 0 0 0 0 0 0 0.000000 0 0.000000 0 0 0 0 0 0 0.000000 0 0.000000 0 0 0 0 0 3548 0.009297 3134 0.009572 3134 1 0 0 0 0 0.000000 0 0.000000 0 0 0 0 0 0 0.000000 0 0.000000 0 0 0 0 0 0 0.000000 0 0.000000 0 0 0 0 0 3655 0.010096 2961 0.010132 2961 1 0 0 0 0 0.000000 0 0.000000 0 0 0 0 0 0 0.000000 0 0.000000 0 0 0 0 0 0 0.000000 0 0.000000 0 0 0 
1180288 6:1:12 0 0 4458 0.007401 3514 0.011383 3514 0 0 0 0 0 0.000000 0 0.000000 0 0 0 0 0 0 0.000000 0 0.000000 0 0 0 0 0 0 0.000000 0 0.000000 0 0 0 0 0 3548 0.009297 3134 0.009572 3134 1 0 0 0 0 0.000000 0 0.000000 0 0 0 0 0 0 0.000000 0 0.000000 0 0 0 0 0 0 0.000000 0 0.000000 0 0 0 0 0 3655 0.010096 2961 0.010132 2961 1 0 0 0 0 0.000000 0 0.000000 0 0 0 0 0 0 0.000000 0 0.000000 0 0 0 0 0 0 0.000000 0 0.000000 0 0 0 
1223496 18:1:20 0 0 4458 0.007401 3514 0.011383 3514 0 40 0 0 0 0.000000 0 0.000000 0 0 0 0 0 0 0.000000 0 0.000000 0 0 0 0 0 0 0.000000 0 0.000000 0 0 0 0 0 3548 0.009297 3134 0.009572 3134 1 30 0 0 0 0.000000 0 0.000000 0 0 0 0 0 0 0.000000 0 0.000000 0 0 0 0 0 0 0.000000 0 0.000000 0 0 0 0 0 3655 0.010096 2961 0.010132 2961 1 30 0 0 0 0.000000 0 0.000000 0 0 0 0 0 0 0.000000 0 0.000000 0 0 0 0 0 0 0.000000 0 0.000000 0 0 0 
1266654 6:0:38 1 -14 4458 0.007401 3514 0.011383 3514 1 40 0 0 0 0.000000 0 0.000000 0 0 0 0 0 0 0.000000 0 0.000000 0 0 0 0 0 0 0.000000 0 0.000000 0 0 0 1 -23 3548 0.009297 3134 0.009572 3134 1 30 0 0 0 0.000000 0 0.000000 0 0 0 0 0 0 0.000000 0 0.000000 0 0 0 0 0 0 0.000000 0 0.000000 0 0 0 1 -26 3655 0.010096 2961 0.010132 2961 1 30 0 0 0 0.000000 0 0.000000 0 0 0 0 0 0 0.000000 0 0.000000 0 0 0 0 0 0 0.000000 0 0.000000 0 0 0 
1266714 6:1:38 0 -14 4458 0.007401 3514 0.011383 3514 0 40 0 0 0 0.000000 0 0.000000 0 0 0 0 0 0 0.000000 0 0.000000 0 0 0 0 0 0 0.000000 0 0.000000 0 0 0 0 -23 3548 0.009297 3134 0.009572 3134 1 30 0 0 0 0.000000 0 0.000000 0 0 0 0 0 0 0.000000 0 0.000000 0 0 0 0 0 0 0.000000 0 0.000000 0 0 0 0 -26 3655 0.010096 2961 0.010132 2961 1 30 0 0 0 0.000000 0 0.000000 0 0 0 0 0 0 0.000000 0 0.000000 0 0 0 0 0 0 0.000000 0 0.000000 0 0 0 
1266714 6:1:38 0 0 4458 0.007401 3514 0.011383 3514 0 0 0 0 0 0.000000 0 0.000000 0 0 0 0 0 0 0.000000 0 0.000000 0 0 0 0 0 0 0.000000 0 0.000000 0 0 0 0 0 3548 0.009297 3134 0.009572 3134 1 0 0 0 0 0.000000 0 0.000000 0 0 0 0 0 0 0.000000 0 0.000000 0 0 0 0 0 0 0.000000 0 0.000000 0 0 0 0 0 3655 0.010096 2961 0.010132 2961 1 0 0 0 0 0.000000 0 0.000000 0 0 0 0 0 0 0.000000 0 0.000000 0 0 0 0 0 0 0.000000 0 0.000000 0 0 0 
1266714 6:1:38 0 0 4458 0.007401 3514 0.011383 3514 0 0 0 0 0 0.000000 0 0.000000 0 0 0 0 0 0 0.000000 0 0.000000 0 0 0 0 0 0 0.000000 0 0.000000 0 0 0 0 0 3548 0.009297 3134 0.009572 3134 1 0 0 0 0 0.000000 0 0.000000 0 0 0 0 0 0 0.000000 0 0.000000 0 0 0 0 0 0 0.000000 0 0.000000 0 0 0 0 0 3655 0.010096 2961 0.010132 2961 1 0 0 0 0 0.000000 0 0.000000 0 0 0 0 0 0 0.000000 0 0.000000 0 0 0 0 0 0 0.000000 0 0.000000 0 0 0 
1309925 18:1:49 0 0 4458 0.007401 3514 0.011383 3514 0 40 0 0 0 0.000000 0 0.000000 0 0 0 0 0 0 0.000000 0 0.000000 0 0 0 0 0 0 0.000000 0 0.000000 0 0 0 0 0 3548 0.009297 3134 0.009572 3134 1 30 0 0 0 0.000000 0 0.000000 0 0 0 0 0 0 0.000000 0 0.000000 0 0 0 0 0 0 0.000000 0 0.000000 0 0 0 0 0 3655 0.010096 2961 0.010132 2961 1 30 0 0 0 0.000000 0 0.000000 0 0 0 0 0 0 0.000000 0 0.000000 0 0 0 0 0 0 0.000000 0 0.000000 0 0 0 
1353074 6:0:58 1 -23 4458 0.007401 3514 0.011383 3514 1 40 0 0 0 0.000000 0 0.000000 0 0 0 0 0 0 0.000000 0 0.000000 0 0 0 0 0 0 0.000000 0 0.000000 0 0 0 1 -32 3548 0.009297 3134 0.009572 3134 1 30 0 0 0 0.000000 0 0.000000 0 0 0 0 0 0 0.000000 0 0.000000 0 0 0 0 0 0 0.000000 0 0.000000 0 0 0 1 -37 3655 0.010096 2961 0.010132 2961 1 30 0 0 0 0.000000 0 0.000000 0 0 0 0 0 0 0.000000 0 0.000000 0 0 0 0 0 0 0.000000 0 0.000000 0 0 0 
1353135 6:1:59 0 -23 4458 0.007401 3514 0.011383 3514 0 40 0 0 0 0.000000 0 0.000000 0 0 0 0 0 0 0.000000 0 0.000000 0 0 0 0 0 0 0.000000 0 0.000000 0 0 0 0 -32 3548 0.009297 3134 0.009572 3134 1 30 0 0 0 0.000000 0 0.000000 0 0 0 0 0 0 0.000000 0 0.000000 0 0 0 0 0 0 0.000000 0 0.000000 0 0 0 0 -37 3655 0.010096 2961 0.010132 2961 1 30 0 0 0 0.000000 0 0.000000 0 0 0 0 0 0 0.000000 0 0.000000 0 0 0 0 0 0 0.000000 0 0.000000 0 0 0 
1353135 6:1:59 0 0 4458 0.007401 3514 0.011383 3514 0 0 0 0 0 0.000000 0 0.000000 0 0 0 0 0 0 0.000000 0 0.000000 0 0 0 0 0 0 0.000000 0 0.000000 0 0 0 0 0 3548 0.009297 3134 0.009572 3134 1 0 0 0 0 0.000000 0 0.000000 0 0 0 0 0 0 0.000000 0 0.000000 0 0 0 0 0 0 0.000000 0 0.000000 0 0 0 0 0 3655 0.010096 2961 0.010132 2961 1 0 0 0 0 0.000000 0 0.000000 0 0 0 0 0 0 0.000000 0 0.000000 0 0 0 0 0 0 0.000000 0 0.000000 0 0 0 
1353135 6:1:59 0 0 4458 0.007401 3514 0.011383 3514 0 0 0 0 0 0.000000 0 0.000000 0 0 0 0 0 0 0.000000 0 0.000000 0 0 0 0 0 0 0.000000 0 0.000000 0 0 0 0 0 3548 0.009297 3134 0.009572 3134 1 0 0 0 0 0.000000 0 0.000000 0 0 0 0 0 0 0.000000 0 0.000000 0 0 0 0 0 0 0.000000 0 0.000000 0 0 0 0 0 3655 0.010096 2961 0.010132 2961 1 0 0 0 0 0.000000 0 0.000000 0 0 0 0 0 0 0.000000 0 0.000000 0 0 0 0 0 0 0.000000 0 0.000000 0 0 0 
1396333 18:1:57 0 0 4458 0.007401 3514 0.011383 3514 0 40 0 0 0 0.000000 0 0.000000 0 0 0 0 0 0 0.000000 0 0.000000 0 0 0 0 0 0 0.000000 0 0.000000 0 0 0 0 0 3548 0.009297 3134 0.009572 3134 1 30 0 0 0 0.000000 0 0.000000 0 0 0 0 0 0 0.000000 0 0.000000 0 0 0 0 0 0 0.000000 0 0.000000 0 0 0 0 0 3655 0.010096 2961 0.010132 2961 1 30 0 0 0 0.000000 0 0.000000 0 0 0 0 0 0 0.000000 0 0.000000 0 0 0 0 0 0 0.000000 0 0.000000 0 0 0 
1439473 6:0:57 1 -23 4458 0.007401 3514 0.011383 3514 1 40 0 0 0 0.000000 0 0.000000 0 0 0 0 0 0 0.000000 0 0.000000 0 0 0 0 0 0 0.000000 0 0.000000 0 0 0 1 -31 3548 0.009297 3134 0.009572 3134 1 30 0 0 0 0.000000 0 0.000000 0 0 0 0 0 0 0.000000 0 0.000000 0 0 0 0 0 0 0.000000 0 0.000000 0 0 0 1 -34 3655 0.010096 2961 0.010132 2961 1 30 0 0 0 0.000000 0 0.000000 0 0 0 0 0 0 0.000000 0 0.000000 0 0 0 0 0 0 0.000000 0 0.000000 0 0 0 
1439533 6:1:57 0 -23 4458 0.007401 3514 0.011383 3514 0 40 0 0 0 0.000000 0 0.000000 0 0 0 0 0 0 0.000000 0 0.000000 0 0 0 0 0 0 0.000000 0 0.000000 0 0 0 0 -31 3548 0.009297 3134 0.009572 3134 1 30 0 0 0 0.000000 0 0.000000 0 0 0 0 0 0 0.000000 0 0.000000 0 0 0 0 0 0 0.000000 0 0.000000 0 0 0 0 -34 3655 0.010096 2961 0.010132 2961 1 30 0 0 0 0.000000 0 0.000000 0 0 0 0 0 0 0.000000 0 0.000000 0 0 0 0 0 0 0.000000 0 0.000000 0 0 0 
1439533 6:1:57 0 0 4458 0.007401 3514 0.011383 3514 0 0 0 0 0 0.000000 0 0.000000 0 0 0 0 0 0 0.000000 0 0.000000 0 0 0 0 0 0 0.000000 0 0.000000 0 0 0 0 0 3548 0.009297 3134 0.009572 3134 1 0 0 0 0 0.000000 0 0.000000 0 0 0 0 0 0 0.000000 0 0.000000 0 0 0 0 0 0 0.000000 0 0.000000 0 0 0 0 0 3655 0.010096 2961 0.010132 2961 1 0 0 0 0 0.000000 0 0.000000 0 0 0 0 0 0 0.000000 0 0.000000 0 0 0 0 0 0 0.000000 0 0.000000 0 0 0 
1439533 6:1:57 0 0 4458 0.007401 3514 0.011383 3514 0 0 0 0 0 0.000000 0 0.000000 0 0 0 0 0 0 0.000000 0 0.000000 0 0 0 0 0 0 0.000000 0 0.000000 0 0 0 0 0 3548 0.009297 3134 0.009572 3134 1 0 0 0 0 0.000000 0 0.000000 0 0 0 0 0 0 0.000000 0 0.000000 0 0 0 0 0 0 0.000000 0 0.000000 0 0 0 0 0 3655 0.010096 2961 0.010132 2961 1 0 0 0 0 0.000000 0 0.000000 0 0 0 0 0 0 0.000000 0 0.000000 0 0 0 0 0 0 0.000000 0 0.000000 0 0 0 
1482736 18:2:0 0 0 4458 0.007401 3514 0.011383 3514 0 40 0 0 0 0.000000 0 0.000000 0 0 0 0 0 0 0.000000 0 0.000000 0 0 0 0 0 0 0.000000 0 0.000000 0 0 0 0 0 3548 0.009297 3134 0.009572 3134 1 30 0 0 0 0.000000 0 0.000000 0 0 0 0 0 0 0.000000 0 0.000000 0 0 0 0 0 0 0.000000 0 0.000000 0 0 0 0 0 3655 0.010096 2961 0.010132 2961 1 30 0 0 0 0.000000 0 0.000000 0 0 0 0 0 0 0.000000 0 0.000000 0 0 0 0 0 0 0.000000 0 0.000000 0 0 0 
1525834 6:0:18 1 -29 4458 0.007401 3514 0.011383 3514 1 40 0 0 0 0.000000 0 0.000000 0 0 0 0 0 0 0.000000 0 0.000000 0 0 0 0 0 0 0.000000 0 0.000000 0 0 0 1 -37 3548 0.009297 3134 0.009572 3134 1 30 0 0 0 0.000000 0 0.000000 0 0 0 0 0 0 0.000000 0 0.000000 0 0 0 0 0 0 0.000000 0 0.000000 0 0 0 1 -43 3655 0.010096 2961 0.010132 2961 1 30 0 0 0 0.000000 0 0.000000 0 0 0 0 0 0 0.000000 0 0.000000 0 0 0 0 0 0 0.000000 0 0.000000 0 0 0 
1525894 6:1:18 0 -29 4458 0.007401 3514 0.011383 3514 0 40 0 0 0 0.000000 0 0.000000 0 0 0 0 0 0 0.000000 0 0.000000 0 0 0 0 0 0 0.000000 0 0.000000 0 0 0 0 -37 3548 0.009297 3134 0.009572 3134 1 30 0 0 0 0.000000 0 0.000000 0 0 0 0 0 0 0.000000 0 0.000000 0 0 0 0 0 0 0.000000 0 0.000000 0 0 0 0 -43 3655 0.010096 2961 0.010132 2961 1 30 0 0 0 0.000000 0 0.000000 0 0 0 0 0 0 0.000000 0 0.000000 0 0 0 0 0 0 0.000000 0 0.000000 0 0 0 
1525894 6:1:18 0 0 4458 0.007401 3514 0.011383 3514 0 0 0 0 0 0.000000 0 0.000000 0 0 0 0 0 0 0.000000 0 0.000000 0 0 0 0 0 0 0.000000 0 0.000000 0 0 0 0 0 3548 0.009297 3134 0.009572 3134 1 0 0 0 0 0.000000 0 0.000000 0 0 0 0 0 0 0.000000 0 0.000000 0 0 0 0 0 0 0.000000 0 0.000000 0 0 0 0 0 3655 0.010096 2961 0.010132 2961 1 0 0 0 0 0.000000 0 0.000000 0 0 0 0 0 0 0.000000 0 0.000000 0 0 0 0 0 0 0.000000 0 0.000000 0 0 0 
1525894 6:1:18 0 0 4458 0.007401 3514 0.011383 3514 0 0 0 0 0 0.000000 0 0.000000 0 0 0 0 0 0 0.000000 0 0.000000 0 0 0 0 0 0 0.000000 0 0.000000 0 0 0 0 0 3548 0.009297 3134 0.009572 3134 1 0 0 0 0 0.000000 0 0.000000 0 0 0 0 0 0 0.000000 0 0.000000 0 0 0 0 0 0 0.000000 0 0.000000 0 0 0 0 0 3655 0.010096 2961 0.010132 2961 1 0 0 0 0 0.000000 0 0.000000 0 0 0 0 0 0 0.000000 0 0.000000 0 0 0 0 0 0 0.000000 0 0.000000 0 0 0 
1569104 18:1:28 0 0 4458 0.007401 3514 0.011383 3514 0 40 0 0 0 0.000000 0 0.000000 0 0 0 0 0 0 0.000000 0 0.000000 0 0 0 0 0 0 0.000000 0 0.000000 0 0 0 0 0 3548 0.009297 3134 0.009572 3134 1 30 0 0 0 0.000000 0 0.000000 0 0 0 0 0 0 0.000000 0 0.000000 0 0 0 0 0 0 0.000000 0 0.000000 0 0 0 0 0 3655 0.010096 2961 0.010132 2961 1 30 0 0 0 0.000000 0 0.000000 0 0 0 0 0 0 0.000000 0 0.000000 0 0 0 0 0 0 0.000000 0 0.000000 0 0 0 
1612218 6:0:2 1 -20 4458 0.007401 3514 0.011383 3514 1 40 0 0 0 0.000000 0 0.000000 0 0 0 0 0 0 0.000000 0 0.000000 0 0 0 0 0 0 0.000000 0 0.000000 0 0 0 1 -23 3548 0.009297 3134 0.009572 3134 1 30 0 0 0 0.000000 0 0.000000 0 0 0 0 0 0 0.000000 0 0.000000 0 0 0 0 0 0 0.000000 0 0.000000 0 0 0 1 -18 3655 0.010096 2961 0.010132 2961 1 30 0 0 0 0.000000 0 0.000000 0 0 0 0 0 0 0.000000 0 0.000000 0 0 0 0 0 0 0.000000 0 0.000000 0 0 0 
1612278 6:1:2 0 -20 4458 0.007401 3514 0.011383 3514 0 40 0 0 0 0.000000 0 0.000000 0 0 0 0 0 0 0.000000 0 0.000000 0 0 0 0 0 0 0.000000 0 0.000000 0 0 0 0 -23 3548 0.009297 3134 0.009572 3134 1 30 0 0 0 0.000000 0 0.000000 0 0 0 0 0 0 0.000000 0 0.000000 0 0 0 0 0 0 0.000000 0 0.000000 0 0 0 0 -18 3655 0.010096 2961 0.010132 2961 1 30 0 0 0 0.000000 0 0.000000 0 0 0 0 0 0 0.000000 0 0.000000 0 0 0 0 0 0 0.000000 0 0.000000 0 0 0 
1612278 6:1:2 0 0 4458 0.007401 3514 0.011383 3514 0 0 0 0 0 0.000000 0 0.000000 0 0 0 0 0 0 0.000000 0 0.000000 0 0 0 0 0 0 0.000000 0 0.000000 0 0 0 0 0 3548 0.009297 3134 0.009572 3134 1 0 0 0 0 0.000000 0 0.000000 0 0 0 0 0 0 0.000000 0 0.000000 0 0 0 0 0 0 0.000000 0 0.000000 0 0 0 0 0 3655 0.010096 2961 0.010132 2961 1 0 0 0 0 0.000000 0 0.000000 0 0 0 0 0 0 0.000000 0 0.000000 0 0 0 0 0 0 0.000000 0 0.000000 0 0 0 
1612278 6:1:2 0 0 4458 0.007401 3514 0.011383 3514 0 0 0 0 0 0.000000 0 0.000000 0 0 0 0 0 0 0.000000 0 0.000000 0 0 0 0 0 0 0.000000 0 0.000000 0 0 0 0 0 3548 0.009297 3134 0.009572 3134 1 0 0 0 0 0.000000 0 0.000000 0 0 0 0 0 0 0.000000 0 0.000000 0 0 0 0 0 0 0.000000 0 0.000000 0 0 0 0 0 3655 0.010096 2961 0.010132 2961 1 0 0 0 0 0.000000 0 0.000000 0 0 0 0 0 0 0.000000 0 0.000000 0 0 0 0 0 0 0.000000 0 0.000000 0 0 0 
1655531 18:1:55 0 0 4458 0.007401 3514 0.011383 3514 0 40 0 0 0 0.000000 0 0.000000 0 0 0 0 0 0 0.000000 0 0.000000 0 0 0 0 0 0 0.000000 0 0.000000 0 0 0 0 0 3548 0.009297 3134 0.009572 3134 1 30 0 0 0 0.000000 0 0.000000 0 0 0 0 0 0 0.000000 0 0.000000 0 0 0 0 0 0 0.000000 0 0.000000 0 0 0 0 0 3655 0.010096 2961 0.010132 2961 1 30 0 0 0 0.000000 0 0.000000 0 0 0 0 0 0 0.000000 0 0.000000 0 0 0 0 0 0 0.000000 0 0.000000 0 0 0 
1698661 6:0:45 1 -11 4458 0.007401 3514 0.011383 3514 1 40 0 0 0 0.000000 0 0.000000 0 0 0 0 0 0 0.000000 0 0.000000 0 0 0 0 0 0 0.000000 0 0.000000 0 0 0 1 -21 3548 0.009297 3134 0.009572 3134 1 30 0 0 0 0.000000 0 0.000000 0 0 0 0 0 0 0.000000 0 0.000000 0 0 0 0 0 0 0.000000 0 0.000000 0 0 0 1 -26 3655 0.010096 2961 0.010132 2961 1 30 0 0 0 0.000000 0 0.000000 0 0 0 0 0 0 0.000000 0 0.000000 0 0 0 0 0 0 0.000000 0 0.000000 0 0 0 
1698721 6:1:45 0 -11 4458 0.007401 3514 0.011383 3514 0 40 0 0 0 0.000000 0 0.000000 0 0 0 0 0 0 0.000000 0 0.000000 0 0 0 0 0 0 0.000000 0 0.000000 0 0 0 0 -21 3548 0.009297 3134 0.009572 3134 1 30 0 0 0 0.000000 0 0.000000 0 0 0 0 0 0 0.000000 0 0.000000 0 0 0 0 0 0 0.000000 0 0.000000 0 0 0 0 -26 3655 0.010096 2961 0.010132 2961 1 30 0 0 0 0.000000 0 0.000000 0 0 0 0 0 0 0.000000 0 0.000000 0 0 0 0 0 0 0.000000 0 0.000000 0 0 0 
1698721 6:1:45 0 0 4458 0.007401 3514 0.011383 3514 0 0 0 0 0 0.000000 0 0.000000 0 0 0 0 0 0 0.000000 0 0.000000 0 0 0 0 0 0 0.000000 0 0.000000 0 0 0 0 0 3548 0.009297 3134 0.009572 3134 1 0 0 0 0 0.000000 0 0.000000 0 0 0 0 0 0 0.000000 0 0.000000 0 0 0 0 0 0 0.000000 0 0.000000 0 0 0 0 0 3655 0.010096 2961 0.010132 2961 1 0 0 0 0 0.000000 0 0.000000 0 0 0 0 0 0 0.000000 0 0.000000 0 0 0 0 0 0 0.000000 0 0.000000 0 0 0 
1698721 6:1:45 0 0 4458 0.007401 3514 0.011383 3514 0 0 0 0 0 0.000000 0 0.000000 0 0 0 0 0 0 0.000000 0 0.000000 0 0 0 0 0 0 0.000000 0 0.000000 0 0 0 0 0 3548 0.009297 3134 0.009572 3134 1 0 0 0 0 0.000000 0 0.000000 0 0 0 0 0 0 0.000000 0 0.000000 0 0 0 0 0 0 0.000000 0 0.000000 0 0 0 0 0 3655 0.010096 2961 0.010132 2961 1 0 0 0 0 0.000000 0 0.000000 0 0 0 0 0 0 0.000000 0 0.000000 0 0 0 0 0 0 0.000000 0 0.000000 0 0 0 
1741879 18:1:3 0 0 4458 0.007401 3514 0.011383 3514 0 40 0 0 0 0.000000 0 0.000000 0 0 0 0 0 0 0.000000 0 0.000000 0 0 0 0 0 0 0.000000 0 0.000000 0 0 0 0 0 3548 0.009297 3134 0.009572 3134 1 30 0 0 0 0.000000 0 0.000000 0 0 0 0 0 0 0.000000 0 0.000000 0 0 0 0 0 0 0.000000 0 0.000000 0 0 0 0 0 3655 0.010096 2961 0.010132 2961 1 30 0 0 0 0.000000 0 0.000000 0 0 0 0 0 0 0.000000 0 0.000000 0 0 0 0 0 0 0.000000 0 0.000000 0 0 0 
1785026 6:0:10 1 0 4458 0.007401 3514 0.011383 3514 1 40 0 0 0 0.000000 0 0.000000 0 0 0 0 0 0 0.000000 0 0.000000 0 0 0 0 0 0 0.000000 0 0.000000 0 0 0 1 -13 3548 0.009297 3134 0.009572 3134 1 30 0 0 0 0.000000 0 0.000000 0 0 0 0 0 0 0.000000 0 0.000000 0 0 0 0 0 0 0.000000 0 0.000000 0 0 0 1 -16 3655 0.010096 2961 0.010132 2961 1 30 0 0 0 0.000000 0 0.000000 0 0 0 0 0 0 0.000000 0 0.000000 0 0 0 0 0 0 0.000000 0 0.000000 0 0 0 
1785086 6:1:10 0 0 4458 0.007401 3514 0.011383 3514 0 40 0 0 0 0.000000 0 0.000000 0 0 0 0 0 0 0.000000 0 0.000000 0 0 0 0 0 0 0.000000 0 0.000000 0 0 0 0 -13 3548 0.009297 3134 0.009572 3134 1 30 0 0 0 0.000000 0 0.000000 0 0 0 0 0 0 0.000000 0 0.000000 0 0 0 0 0 0 0.000000 0 0.000000 0 0 0 0 -16 3655 0.010096 2961 0.010132 2961 1 30 0 0 0 0.000000 0 0.000000 0 0 0 0 0 0 0.000000 0 0.000000 0 0 0 0 0 0 0.000000 0 0.000000 0 0 0 
1785086 6:1:10 0 0 4458 0.007401 3514 0.011383 3514 0 0 0 0 0 0.000000 0 0.000000 0 0 0 0 0 0 0.000000 0 0.000000 0 0 0 0 0 0 0.000000 0 0.000000 0 0 0 0 0 3548 0.009297 3134 0.009572 3134 1 0 0 0 0 0.000000 0 0.000000 0 0 0 0 0 0 0.000000 0 0.000000 0 0 0 0 0 0 0.000000 0 0.000000 0 0 0 0 0 3655 0.010096 2961 0.010132 2961 1 0 0 0 0 0.000000 0 0.000000 0 0 0 0 0 0 0.000000 0 0.000000 0 0 0 0 0 0 0.000000 0 0.000000 0 0 0 
1785086 6:1:10 0 0 4458 0.007401 3514 0.011383 3514 0 0 0 0 0 0.000000 0 0.000000 0 0 0 0 0 0 0.000000 0 0.000000 0 0 0 0 0 0 0.000000 0 0.000000 0 0 0 0 0 3548 0.009297 3134 0.009572 3134 1 0 0 0 0 0.000000 0 0.000000 0 0 0 0 0 0 0.000000 0 0.000000 0 0 0 0 0 0 0.000000 0 0.000000 0 0 0 0 0 3655 0.010096 2961 0.010132 2961 1 0 0 0 0 0.000000 0 0.000000 0 0 0 0 0 0 0.000000 0 0.000000 0 0 0 0 0 0 0.000000 0 0.000000 0 0 0 
1828288 18:1:12 0 0 4458 0.007401 3514 0.011383 3514 0 40 0 0 0 0.000000 0 0.000000 0 0 0 0 0 0 0.000000 0 0.000000 0 0 0 0 0 0 0.000000 0 0.000000 0 0 0 0 0 3548 0.009297 3134 0.009572 3134 1 30 0 0 0 0.000000 0 0.000000 0 0 0 0 0 0 0.000000 0 0.000000 0 0 0 0 0 0 0.000000 0 0.000000 0 0 0 0 0 3655 0.010096 2961 0.010132 2961 1 30 0 0 0 0.000000 0 0.000000 0 0 0 0 0 0 0.000000 0 0.000000 0 0 0 0 0 0 0.000000 0 0.000000 0 0 0 
1871433 6:0:17 1 5 4458 0.007401 3514 0.011383 3514 1 40 0 0 0 0.000000 0 0.000000 0 0 0 0 0 0 0.000000 0 0.000000 0 0 0 0 0 0 0.000000 0 0.000000 0 0 0 1 -4 3548 0.009297 3134 0.009572 3134 1 30 0 0 0 0.000000 0 0.000000 0 0 0 0 0 0 0.000000 0 0.000000 0 0 0 0 0 0 0.000000 0 0.000000 0 0 0 1 -9 3655 0.010096 2961 0.010132 2961 1 30 0 0 0 0.000000 0 0.000000 0 0 0 0 0 0 0.000000 0 0.000000 0 0 0 0 0 0 0.000000 0 0.000000 0 0 0 
1873476 6:34:20 0 5 4458 0.007401 3514 0.011383 3514 0 40 0 0 0 0.000000 0 0.000000 0 0 0 0 0 0 0.000000 0 0.000000 0 0 0 0 0 0 0.000000 0 0.000000 0 0 0 0 -4 3548 0.009297 3134 0.009572 3134 1 30 0 0 0 0.000000 0 0.000000 0 0 0 0 0 0 0.000000 0 0.000000 0 0 0 0 0 0 0.000000 0 0.000000 0 0 0 0 -9 3655 0.010096 2961 0.010132 2961 1 30 0 0 0 0.000000 0 0.000000 0 0 0 0 0 0 0.000000 0 0.000000 0 0 0 0 0 0 0.000000 0 0.000000 0 0 0 
1873476 6:34:20 0 0 4458 0.007401 3514 0.011383 3514 0 0 0 0 0 0.000000 0 0.000000 0 0 0 0 0 0 0.000000 0 0.000000 0 0 0 0 0 0 0.000000 0 0.000000 0 0 0 0 0 3548 0.009297 3134 0.009572 3134 1 0 0 0 0 0.000000 0 0.000000 0 0 0 0 0 0 0.000000 0 0.000000 0 0 0 0 0 0 0.000000 0 0.000000 0 0 0 0 0 3655 0.010096 2961 0.010132 2961 1 0 0 0 0 0.000000 0 0.000000 0 0 0 0 0 0 0.000000 0 0.000000 0 0 0 0 0 0 0.000000 0 0.000000 0 0 0 
1873476 6:34:20 0 0 4458 0.007401 3514 0.011383 3514 0 0 0 0 0 0.000000 0 0.000000 0 0 0 0 0 0 0.000000 0 0.000000 0 0 0 0 0 0 0.000000 0 0.000000 0 0 0 0 0 3548 0.009297 3134 0.009572 3134 1 0 0 0 0 0.000000 0 0.000000 0 0 0 0 0 0 0.000000 0 0.000000 0 0 0 0 0 0 0.000000 0 0.000000 0 0 0 0 0 3655 0.010096 2961 0.010132 2961 1 0 0 0 0 0.000000 0 0.000000 0 0 0 0 0 0 0.000000 0 0.000000 0 0 0 0 0 0 0.000000 0 0.000000 0 0 0 
1914709 18:1:33 0 0 4458 0.007401 3514 0.011383 3514 0 40 0 0 0 0.000000 0 0.000000 0 0 0 0 0 0 0.000000 0 0.000000 0 0 0 0 0 0 0.000000 0 0.000000 0 0 0 0 0 3548 0.009297 3134 0.009572 3134 1 30 0 0 0 0.000000 0 0.000000 0 0 0 0 0 0 0.000000 0 0.000000 0 0 0 0 0 0 0.000000 0 0.000000 0 0 0 0 0 3655 0.010096 2961 0.010132 2961 1 30 0 0 0 0.000000 0 0.000000 0 0 0 0 0 0 0.000000 0 0.000000 0 0 0 0 0 0 0.000000 0 0.000000 0 0 0 
1957853 6:0:37 1 5 4458 0.007401 3514 0.011383 3514 1 40 0 0 0 0.000000 0 0.000000 0 0 0 0 0 0 0.000000 0 0.000000 0 0 0 0 0 0 0.000000 0 0.000000 0 0 0 1 -2 3548 0.009297 3134 0.009572 3134 1 30 0 0 0 0.000000 0 0.000000 0 0 0 0 0 0 0.000000 0 0.000000 0 0 0 0 0 0 0.000000 0 0.000000 0 0 0 1 -5 3655 0.010096 2961 0.010132 2961 1 30 0 0 0 0.000000 0 0.000000 0 0 0 0 0 0 0.000000 0 0.000000 0 0 0 0 0 0 0.000000 0 0.000000 0 0 0 
1959595 6:29:39 0 5 4458 0.007401 3514 0.011383 3514 0 40 0 0 0 0.000000 0 0.000000 0 0 0 0 0 0 0.000000 0 0.000000 0 0 0 0 0 0 0.000000 0 0.000000 0 0 0 0 -2 3548 0.009297 3134 0.009572 3134 1 30 0 0 0 0.000000 0 0.000000 0 0 0 0 0 0 0.000000 0 0.000000 0 0 0 0 0 0 0.000000 0 0.000000 0 0 0 0 -5 3655 0.010096 2961 0.010132 2961 1 30 0 0 0 0.000000 0 0.000000 0 0 0 0 0 0 0.000000 0 0.000000 0 0 0 0 0 0 0.000000 0 0.000000 0 0 0 
1959595 6:29:39 0 0 4458 0.007401 3514 0.011383 3514 0 0 0 0 0 0.000000 0 0.000000 0 0 0 0 0 0 0.000000 0 0.000000 0 0 0 0 0 0 0.000000 0 0.000000 0 0 0 0 0 3548 0.009297 3134 0.009572 3134 1 0 0 0 0 0.000000 0 0.000000 0 0 0 0 0 0 0.000000 0 0.000000 0 0 0 0 0 0 0.000000 0 0.000000 0 0 0 0 0 3655 0.010096 2961 0.010132 2961 1 0 0 0 0 0.000000 0 0.000000 0 0 0 0 0 0 0.000000 0 0.000000 0 0 0 0 0 0 0.000000 0 0.000000 0 0 0 
1959595 6:29:39 0 0 4458 0.007401 3514 0.011383 3514 0 0 0 0 0 0.000000 0 0.000000 0 0 0 0 0 0 0.000000 0 0.000000 0 0 0 0 0 0 0.000000 0 0.000000 0 0 0 0 0 3548 0.009297 3134 0.009572 3134 1 0 0 0 0 0.000000 0 0.000000 0 0 0 0 0 0 0.000000 0 0.000000 0 0 0 0 0 0 0.000000 0 0.000000 0 0 0 0 0 3655 0.010096 2961 0.010132 2961 1 0 0 0 0 0.000000 0 0.000000 0 0 0 0 0 0 0.000000 0 0.000000 0 0 0 0 0 0 0.000000 0 0.000000 0 0 0 
2001115 18:1:39 0 0 4458 0.007401 3514 0.011383 3514 0 40 0 0 0 0.000000 0 0.000000 0 0 0 0 0 0 0.000000 0 0.000000 0 0 0 0 0 0 0.000000 0 0.000000 0 0 0 0 0 3548 0.009297 3134 0.009572 3134 1 30 0 0 0 0.000000 0 0.000000 0 0 0 0 0 0 0.000000 0 0.000000 0 0 0 0 0 0 0.000000 0 0.000000 0 0 0 0 0 3655 0.010096 2961 0.010132 2961 1 30 0 0 0 0.000000 0 0.000000 0 0 0 0 0 0 0.000000 0 0.000000 0 0 0 0 0 0 0.000000 0 0.000000 0 0 0 
2044264 6:0:48 1 0 4458 0.007401 3514 0.011383 3514 1 40 0 0 0 0.000000 0 0.000000 0 0 0 0 0 0 0.000000 0 0.000000 0 0 0 0 0 0 0.000000 0 0.000000 0 0 0 1 -9 3548 0.009297 3134 0.009572 3134 1 30 0 0 0 0.000000 0 0.000000 0 0 0 0 0 0 0.000000 0 0.000000 0 0 0 0 0 0 0.000000 0 0.000000 0 0 0 1 -13 3655 0.010096 2961 0.010132 2961 1 30 0 0 0 0.000000 0 0.000000 0 0 0 0 0 0 0.000000 0 0.000000 0 0 0 0 0 0 0.000000 0 0.000000 0 0 0 
2044324 6:1:48 0 0 4458 0.007401 3514 0.011383 3514 0 40 0 0 0 0.000000 0 0.000000 0 0 0 0 0 0 0.000000 0 0.000000 0 0 0 0 0 0 0.000000 0 0.000000 0 0 0 0 -9 3548 0.009297 3134 0.009572 3134 1 30 0 0 0 0.000000 0 0.000000 0 0 0 0 0 0 0.000000 0 0.000000 0 0 0 0 0 0 0.000000 0 0.000000 0 0 0 0 -13 3655 0.010096 2961 0.010132 2961 1 30 0 0 0 0.000000 0 0.000000 0 0 0 0 0 0 0.000000 0 0.000000 0 0 0 0 0 0 0.000000 0 0.000000 0 0 0 
2044324 6:1:48 0 0 4458 0.007401 3514 0.011383 3514 0 0 0 0 0 0.000000 0 0.000000 0 0 0 0 0 0 0.000000 0 0.000000 0 0 0 0 0 0 0.000000 0 0.000000 0 0 0 0 0 3548 0.009297 3134 0.009572 3134 1 0 0 0 0 0.000000 0 0.000000 0 0 0 0 0 0 0.000000 0 0.000000 0 0 0 0 0 0 0.000000 0 0.000000 0 0 0 0 0 3655 0.010096 2961 0.010132 2961 1 0 0 0 0 0.000000 0 0.000000 0 0 0 0 0 0 0.000000 0 0.000000 0 0 0 0 0 0 0.000000 0 0.000000 0 0 0 
2044324 6:1:48 0 0 4458 0.007401 3514 0.011383 3514 0 0 0 0 0 0.000000 0 0.000000 0 0 0 0 0 0 0.000000 0 0.000000 0 0 0 0 0 0 0.000000 0 0.000000 0 0 0 0 0 3548 0.009297 3134 0.009572 3134 1 0 0 0 0 0.000000 0 0.000000 0 0 0 0 0 0 0.000000 0 0.000000 0 0 0 0 0 0 0.000000 0 0.000000 0 0 0 0 0 3655 0.010096 2961 0.010132 2961 1 0 0 0 0 0.000000 0 0.000000 0 0 0 0 0 0 0.000000 0 0.000000 0 0 0 0 0 0 0.000000 0 0.000000 0 0 0 
2087481 18:1:5 0 0 4458 0.007401 3514 0.011383 3514 0 40 0 0 0 0.000000 0 0.000000 0 0 0 0 0 0 0.000000 0 0.000000 0 0 0 0 0 0 0.000000 0 0.000000 0 0 0 0 0 3548 0.009297 3134 0.009572 3134 1 30 0 0 0 0.000000 0 0.000000 0 0 0 0 0 0 0.000000 0 0.000000 0 0 0 0 0 0 0.000000 0 0.000000 0 0 0 0 0 3655 0.010096 2961 0.010132 2961 1 30 0 0 0 0.000000 0 0.000000 0 0 0 0 0 0 0.000000 0 0.000000 0 0 0 0 0 0 0.000000 0 0.000000 0 0 0 
2130630 6:0:14 1 -6 4458 0.007401 3514 0.011383 3514 1 40 0 0 0 0.000000 0 0.000000 0 0 0 0 0 0 0.000000 0 0.000000 0 0 0 0 0 0 0.000000 0 0.000000 0 0 0 1 -15 3548 0.009297 3134 0.009572 3134 1 30 0 0 0 0.000000 0 0.000000 0 0 0 0 0 0 0.000000 0 0.000000 0 0 0 0 0 0 0.000000 0 0.000000 0 0 0 1 -16 3655 0.010096 2961 0.010132 2961 1 30 0 0 0 0.000000 0 0.000000 0 0 0 0 0 0 0.000000 0 0.000000 0 0 0 0 0 0 0.000000 0 0.000000 0 0 0 
2130690 6:1:14 0 -6 4458 0.007401 3514 0.011383 3514 0 40 0 0 0 0.000000 0 0.000000 0 0 0 0 0 0 0.000000 0 0.000000 0 0 0 0 0 0 0.000000 0 0.000000 0 0 0 0 -15 3548 0.009297 3134 0.009572 3134 1 30 0 0 0 0.000000 0 0.000000 0 0 0 0 0 0 0.000000 0 0.000000 0 0 0 0 0 0 0.000000 0 0.000000 0 0 0 0 -16 3655 0.010096 2961 0.010132 2961 1 30 0 0 0 0.000000 0 0.000000 0 0 0 0 0 0 0.000000 0 0.000000 0 0 0 0 0 0 0.000000 0 0.000000 0 0 0 
2130690 6:1:14 0 0 4458 0.007401 3514 0.011383 3514 0 0 0 0 0 0.000000 0 0.000000 0 0 0 0 0 0 0.000000 0 0.000000 0 0 0 0 0 0 0.000000 0 0.000000 0 0 0 0 0 3548 0.009297 3134 0.009572 3134 1 0 0 0 0 0.000000 0 0.000000 0 0 0 0 0 0 0.000000 0 0.000000 0 0 0 0 0 0 0.000000 0 0.000000 0 0 0 0 0 3655 0.010096 2961 0.010132 2961 1 0 0 0 0 0.000000 0 0.000000 0 0 0 0 0 0 0.000000 0 0.000000 0 0 0 0 0 0 0.000000 0 0.000000 0 0 0 
2130690 6:1:14 0 0 4458 0.007401 3514 0.011383 3514 0 0 0 0 0 0.000000 0 0.000000 0 0 0 0 0 0 0.000000 0 0.000000 0 0 0 0 0 0 0.000000 0 0.000000 0 0 0 0 0 3548 0.009297 3134 0.009572 3134 1 0 0 0 0 0.000000 0 0.000000 0 0 0 0 0 0 0.000000 0 0.000000 0 0 0 0 0 0 0.000000 0 0.000000 0 0 0 0 0 3655 0.010096 2961 0.010132 2961 1 0 0 0 0 0.000000 0 0.000000 0 0 0 0 0 0 0.000000 0 0.000000 0 0 0 0 0 0 0.000000 0 0.000000 0 0 0 
2173909 18:1:33 0 0 4458 0.007401 3514 0.011383 3514 0 40 0 0 0 0.000000 0 0.000000 0 0 0 0 0 0 0.000000 0 0.000000 0 0 0 0 0 0 0.000000 0 0.000000 0 0 0 0 0 3548 0.009297 3134 0.009572 3134 1 30 0 0 0 0.000000 0 0.000000 0 0 0 0 0 0 0.000000 0 0.000000 0 0 0 0 0 0 0.000000 0 0.000000 0 0 0 0 0 3655 0.010096 2961 0.010132 2961 1 30 0 0 0 0.000000 0 0.000000 0 0 0 0 0 0 0.000000 0 0.000000 0 0 0 0 0 0 0.000000 0 0.000000 0 0 0 
2217050 6:0:34 1 -7 4458 0.007401 3514 0.011383 3514 1 40 0 0 0 0.000000 0 0.000000 0 0 0 0 0 0 0.000000 0 0.000000 0 0 0 0 0 0 0.000000 0 0.000000 0 0 0 1 -20 3548 0.009297 3134 0.009572 3134 1 30 0 0 0 0.000000 0 0.000000 0 0 0 0 0 0 0.000000 0 0.000000 0 0 0 0 0 0 0.000000 0 0.000000 0 0 0 1 -23 3655 0.010096 2961 0.010132 2961 1 30 0 0 0 0.000000 0 0.000000 0 0 0 0 0 0 0.000000 0 0.000000 0 0 0 0 0 0 0.000000 0 0.000000 0 0 0 
2217111 6:1:35 0 -7 4458 0.007401 3514 0.011383 3514 0 40 0 0 0 0.000000 0 0.000000 0 0 0 0 0 0 0.000000 0 0.000000 0 0 0 0 0 0 0.000000 0 0.000000 0 0 0 0 -20 3548 0.009297 3134 0.009572 3134 1 30 0 0 0 0.000000 0 0.000000 0 0 0 0 0 0 0.000000 0 0.000000 0 0 0 0 0 0 0.000000 0 0.000000 0 0 0 0 -23 3655 0.010096 2961 0.010132 2961 1 30 0 0 0 0.000000 0 0.000000 0 0 0 0 0 0 0.000000 0 0.000000 0 0 0 0 0 0 0.000000 0 0.000000 0 0 0 
2217111 6:1:35 0 0 4458 0.007401 3514 0.011383 3514 0 0 0 0 0 0.000000 0 0.000000 0 0 0 0 0 0 0.000000 0 0.000000 0 0 0 0 0 0 0.000000 0 0.000000 0 0 0 0 0 3548 0.009297 3134 0.009572 3134 1 0 0 0 0 0.000000 0 0.000000 0 0 0 0 0 0 0.000000 0 0.000000 0 0 0 0 0 0 0.000000 0 0.000000 0 0 0 0 0 3655 0.010096 2961 0.010132 2961 1 0 0 0 0 0.000000 0 0.000000 0 0 0 0 0 0 0.000000 0 0.000000 0 0 0 0 0 0 0.000000 0 0.000000 0 0 0 
2217111 6:1:35 0 0 4458 0.007401 3514 0.011383 3514 0 0 0 0 0 0.000000 0 0.000000 0 0 0 0 0 0 0.000000 0 0.000000 0 0 0 0 0 0 0.000000 0 0.000000 0 0 0 0 0 3548 0.009297 3134 0.009572 3134 1 0 0 0 0 0.000000 0 0.000000 0 0 0 0 0 0 0.000000 0 0.000000 0 0 0 0 0 0 0.000000 0 0.000000 0 0 0 0 0 3655 0.010096 2961 0.010132 2961 1 0 0 0 0 0.000000 0 0.000000 0 0 0 0 0 0 0.000000 0 0.000000 0 0 0 0 0 0 0.000000 0 0.000000 0 0 0 
2260315 18:1:39 0 0 4458 0.007401 3514 0.011383 3514 0 40 0 0 0 0.000000 0 0.000000 0 0 0 0 0 0 0.000000 0 0.000000 0 0 0 0 0 0 0.000000 0 0.000000 0 0 0 0 0 3548 0.009297 3134 0.009572 3134 1 30 0 0 0 0.000000 0 0.000000 0 0 0 0 0 0 0.000000 0 0.000000 0 0 0 0 0 0 0.000000 0 0.000000 0 0 0 0 0 3655 0.010096 2961 0.010132 2961 1 30 0 0 0 0.000000 0 0.000000 0 0 0 0 0 0 0.000000 0 0.000000 0 0 0 0 0 0 0.000000 0 0.000000 0 0 0 
2303459 6:0:43 1 -4 4458 0.007401 3514 0.011383 3514 1 40 0 0 0 0.000000 0 0.000000 0 0 0 0 0 0 0.000000 0 0.000000 0 0 0 0 0 0 0.000000 0 0.000000 0 0 0 1 -13 3548 0.009297 3134 0.009572 3134 1 30 0 0 0 0.000000 0 0.000000 0 0 0 0 0 0 0.000000 0 0.000000 0 0 0 0 0 0 0.000000 0 0.000000 0 0 0 1 -18 3655 0.010096 2961 0.010132 2961 1 30 0 0 0 0.000000 0 0.000000 0 0 0 0 0 0 0.000000 0 0.000000 0 0 0 0 0 0 0.000000 0 0.000000 0 0 0 
2303519 6:1:43 0 -4 4458 0.007401 3514 0.011383 3514 0 40 0 0 0 0.000000 0 0.000000 0 0 0 0 0 0 0.000000 0 0.000000 0 0 0 0 0 0 0.000000 0 0.000000 0 0 0 0 -13 3548 0.009297 3134 0.009572 3134 1 30 0 0 0 0.000000 0 0.000000 0 0 0 0 0 0 0.000000 0 0.000000 0 0 0 0 0 0 0.000000 0 0.000000 0 0 0 0 -18 3655 0.010096 2961 0.010132 2961 1 30 0 0 0 0.000000 0 0.000000 0 0 0 0 0 0 0.000000 0 0.000000 0 0 0 0 0 0 0.000000 0 0.000000 0 0 0 
2303519 6:1:43 0 0 4458 0.007401 3514 0.011383 3514 0 0 0 0 0 0.000000 0 0.000000 0 0 0 0 0 0 0.000000 0 0.000000 0 0 0 0 0 0 0.000000 0 0.000000 0 0 0 0 0 3548 0.009297 3134 0.009572 3134 1 0 0 0 0 0.000000 0 0.000000 0 0 0 0 0 0 0.000000 0 0.000000 0 0 0 0 0 0 0.000000 0 0.000000 0 0 0 0 0 3655 0.010096 2961 0.010132 2961 1 0 0 0 0 0.000000 0 0.000000 0 0 0 0 0 0 0.000000 0 0.000000 0 0 0 0 0 0 0.000000 0 0.000000 0 0 0 
2303519 6:1:43 0 0 4458 0.007401 3514 0.011383 3514 0 0 0 0 0 0.000000 0 0.000000 0 0 0 0 0 0 0.000000 0 0.000000 0 0 0 0 0 0 0.000000 0 0.000000 0 0 0 0 0 3548 0.009297 3134 0.009572 3134 1 0 0 0 0 0.000000 0 0.000000 0 0 0 0 0 0 0.000000 0 0.000000 0 0 0 0 0 0 0.000000 0 0.000000 0 0 0 0 0 3655 0.010096 2961 0.010132 2961 1 0 0 0 0 0.000000 0 0.000000 0 0 0 0 0 0 0.000000 0 0.000000 0 0 0 0 0 0 0.000000 0 0.000000 0 0 0 
2346732 18:1:56 0 0 4458 0.007401 3514 0.011383 3514 0 40 0 0 0 0.000000 0 0.000000 0 0 0 0 0 0 0.000000 0 0.000000 0 0 0 0 0 0 0.000000 0 0.000000 0 0 0 0 0 3548 0.009297 3134 0.009572 3134 1 30 0 0 0 0.000000 0 0.000000 0 0 0 0 0 0 0.000000 0 0.000000 0 0 0 0 0 0 0.000000 0 0.000000 0 0 0 0 0 3655 0.010096 2961 0.010132 2961 1 30 0 0 0 0.000000 0 0.000000 0 0 0 0 0 0 0.000000 0 0.000000 0 0 0 0 0 0 0.000000 0 0.000000 0 0 0 
2389818 6:0:2 1 8 4458 0.007401 3514 0.011383 3514 1 40 0 0 0 0.000000 0 0.000000 0 0 0 0 0 0 0.000000 0 0.000000 0 0 0 0 0 0 0.000000 0 0.000000 0 0 0 1 -1 3548 0.009297 3134 0.009572 3134 1 30 0 0 0 0.000000 0 0.000000 0 0 0 0 0 0 0.000000 0 0.000000 0 0 0 0 0 0 0.000000 0 0.000000 0 0 0 1 4 3655 0.010096 2961 0.010132 2961 1 30 0 0 0 0.000000 0 0.000000 0 0 0 0 0 0 0.000000 0 0.000000 0 0 0 0 0 0 0.000000 0 0.000000 0 0 0 
2393122 6:55:6 0 8 4458 0.007401 3514 0.011383 3514 0 40 0 0 0 0.000000 0 0.000000 0 0 0 0 0 0 0.000000 0 0.000000 0 0 0 0 0 0 0.000000 0 0.000000 0 0 0 0 -1 3548 0.009297 3134 0.009572 3134 1 30 0 0 0 0.000000 0 0.000000 0 0 0 0 0 0 0.000000 0 0.000000 0 0 0 0 0 0 0.000000 0 0.000000 0 0 0 0 4 3655 0.010096 2961 0.010132 2961 1 30 0 0 0 0.000000 0 0.000000 0 0 0 0 0 0 0.000000 0 0.000000 0 0 0 0 0 0 0.000000 0 0.000000 0 0 0 
2393122 6:55:6 0 0 4458 0.007401 3514 0.011383 3514 0 0 0 0 0 0.000000 0 0.000000 0 0 0 0 0 0 0.000000 0 0.000000 0 0 0 0 0 0 0.000000 0 0.000000 0 0 0 0 0 3548 0.009297 3134 0.009572 3134 1 0 0 0 0 0.000000 0 0.000000 0 0 0 0 0 0 0.000000 0 0.000000 0 0 0 0 0 0 0.000000 0 0.000000 0 0 0 0 0 3655 0.010096 2961 0.010132 2961 1 0 0 0 0 0.000000 0 0.000000 0 0 0 0 0 0 0.000000 0 0.000000 0 0 0 0 0 0 0.000000 0 0.000000 0 0 0 
2393122 6:55:6 0 0 4458 0.007401 3514 0.011383 3514 0 0 0 0 0 0.000000 0 0.000000 0 0 0 0 0 0 0.000000 0 0.000000 0 0 0 0 0 0 0.000000 0 0.000000 0 0 0 0 0 3548 0.009297 3134 0.009572 3134 1 0 0 0 0 0.000000 0 0.000000 0 0 0 0 0 0 0.000000 0 0.000000 0 0 0 0 0 0 0.000000 0 0.000000 0 0 0 0 0 3655 0.010096 2961 0.010132 2961 1 0 0 0 0 0.000000 0 0.000000 0 0 0 0 0 0 0.000000 0 0.000000 0 0 0 0 0 0 0.000000 0 0.000000 0 0 0 
2433097 18:1:21 0 0 4458 0.007401 3514 0.011383 3514 0 40 0 0 0 0.000000 0 0.000000 0 0 0 0 0 0 0.000000 0 0.000000 0 0 0 0 0 0 0.000000 0 0.000000 0 0 0 0 0 3548 0.009297 3134 0.009572 3134 1 30 0 0 0 0.000000 0 0.000000 0 0 0 0 0 0 0.000000 0 0.000000 0 0 0 0 0 0 0.000000 0 0.000000 0 0 0 0 0 3655 0.010096 2961 0.010132 2961 1 30 0 0 0 0.000000 0 0.000000 0 0 0 0 0 0 0.000000 0 0.000000 0 0 0 0 0 0 0.000000 0 0.000000 0 0 0 
2476253 6:0:37 1 13 4458 0.007401 3514 0.011383 3514 1 40 0 0 0 0.000000 0 0.000000 0 0 0 0 0 0 0.000000 0 0.000000 0 0 0 0 0 0 0.000000 0 0.000000 0 0 0 1 5 3548 0.009297 3134 0.009572 3134 1 30 0 0 0 0.000000 0 0.000000 0 0 0 0 0 0 0.000000 0 0.000000 0 0 0 0 0 0 0.000000 0 0.000000 0 0 0 1 13 3655 0.010096 2961 0.010132 2961 1 30 0 0 0 0.000000 0 0.000000 0 0 0 0 0 0 0.000000 0 0.000000 0 0 0 0 0 0 0.000000 0 0.000000 0 0 0 
2479440 6:53:44 0 13 5153 0.005822 3375 0.011852 3514 0 40 0 0 0 0.000000 0 0.000000 0 0 0 0 0 0 0.000000 0 0.000000 0 0 0 0 0 0 0.000000 0 0.000000 0 0 0 0 5 3548 0.009297 3134 0.009572 3134 1 30 0 0 0 0.000000 0 0.000000 0 0 0 0 0 0 0.000000 0 0.000000 0 0 0 0 0 0 0.000000 0 0.000000 0 0 0 0 13 2405 0.012471 2271 0.013205 2961 1 30 0 0 0 0.000000 0 0.000000 0 0 0 0 0 0 0.000000 0 0.000000 0 0 0 0 0 0 0.000000 0 0.000000 0 0 0 
2479440 6:53:44 0 0 5153 0.005822 3375 0.011852 189 0 0 0 0 0 0.000000 0 0.000000 0 0 0 0 0 0 0.000000 0 0.000000 0 0 0 0 0 0 0.000000 0 0.000000 0 0 0 0 0 4101 0.009297 3134 0.009572 3134 1 0 0 0 0 0.000000 0 0.000000 0 0 0 0 0 0 0.000000 0 0.000000 0 0 0 0 0 0 0.000000 0 0.000000 0 0 0 0 0 2543 0.012471 2730 0.010989 587 1 0 0 0 0 0.000000 0 0.000000 0 0 0 0 0 0 0.000000 0 0.000000 0 0 0 0 0 0 0.000000 0 0.000000 0 0 0 
2479440 6:53:44 0 0 5153 0.005822 3375 0.011852 189 0 0 0 0 0 0.000000 0 0.000000 0 0 0 0 0 0 0.000000 0 0.000000 0 0 0 0 0 0 0.000000 0 0.000000 0 0 0 0 0 4101 0.009297 3134 0.009572 3134 1 0 0 0 0 0.000000 0 0.000000 0 0 0 0 0 0 0.000000 0 0.000000 0 0 0 0 0 0 0.000000 0 0.000000 0 0 0 0 0 2543 0.012471 2730 0.010989 587 1 0 0 0 0 0.000000 0 0.000000 0 0 0 0 0 0 0.000000 0 0.000000 0 0 0 0 0 0 0.000000 0 0.000000 0 0 0 
2519529 18:1:53 0 0 5153 0.005822 3375 0.011852 189 0 40 0 0 0 0.000000 0 0.000000 0 0 0 0 0 0 0.000000 0 0.000000 0 0 0 0 0 0 0.000000 0 0.000000 0 0 0 0 0 4101 0.009297 3134 0.009572 3134 1 30 0 0 0 0.000000 0 0.000000 0 0 0 0 0 0 0.000000 0 0.000000 0 0 0 0 0 0 0.000000 0 0.000000 0 0 0 0 0 2543 0.012471 2730 0.010989 587 1 30 0 0 0 0.000000 0 0.000000 0 0 0 0 0 0 0.000000 0 0.000000 0 0 0 0 0 0 0.000000 0 0.000000 0 0 0 
2562618 6:0:2 1 10 5153 0.005822 3375 0.011852 189 1 40 0 0 0 0.000000 0 0.000000 0 0 0 0 0 0 0.000000 0 0.000000 0 0 0 0 0 0 0.000000 0 0.000000 0 0 0 1 -1 4101 0.009297 3134 0.009572 3134 1 30 0 0 0 0.000000 0 0.000000 0 0 0 0 0 0 0.000000 0 0.000000 0 0 0 0 0 0 0.000000 0 0.000000 0 0 0 1 -2 2543 0.012471 2730 0.010989 587 1 30 0 0 0 0.000000 0 0.000000 0 0 0 0 0 0 0.000000 0 0.000000 0 0 0 0 0 0 0.000000 0 0.000000 0 0 0 
2565742 6:52:6 0 10 5153 0.005822 3375 0.011852 189 0 40 0 0 0 0.000000 0 0.000000 0 0 0 0 0 0 0.000000 0 0.000000 0 0 0 0 0 0 0.000000 0 0.000000 0 0 0 0 -1 4101 0.009297 3134 0.009572 3134 1 30 0 0 0 0.000000 0 0.000000 0 0 0 0 0 0 0.000000 0 0.000000 0 0 0 0 0 0 0.000000 0 0.000000 0 0 0 0 -2 2543 0.012471 2730 0.010989 587 1 30 0 0 0 0.000000 0 0.000000 0 0 0 0 0 0 0.000000 0 0.000000 0 0 0 0 0 0 0.000000 0 0.000000 0 0 0 
2565742 6:52:6 0 0 5153 0.005822 3375 0.011852 3375 0 0 0 0 0 0.000000 0 0.000000 0 0 0 0 0 0 0.000000 0 0.000000 0 0 0 0 0 0 0.000000 0 0.000000 0 0 0 0 0 4101 0.009297 3134 0.009572 3134 1 0 0 0 0 0.000000 0 0.000000 0 0 0 0 0 0 0.000000 0 0.000000 0 0 0 0 0 0 0.000000 0 0.000000 0 0 0 0 0 2543 0.012471 2730 0.010989 2730 1 0 0 0 0 0.000000 0 0.000000 0 0 0 0 0 0 0.000000 0 0.000000 0 0 0 0 0 0 0.000000 0 0.000000 0 0 0 
2565742 6:52:6 0 0 5153 0.005822 3375 0.011852 3375 0 0 0 0 0 0.000000 0 0.000000 0 0 0 0 0 0 0.000000 0 0.000000 0 0 0 0 0 0 0.000000 0 0.000000 0 0 0 0 0 4101 0.009297 3134 0.009572 3134 1 0 0 0 0 0.000000 0 0.000000 0 0 0 0 0 0 0.000000 0 0.000000 0 0 0 0 0 0 0.000000 0 0.000000 0 0 0 0 0 2543 0.012471 2730 0.010989 2730 1 0 0 0 0 0.000000 0 0.000000 0 0 0 0 0 0 0.000000 0 0.000000 0 0 0 0 0 0 0.000000 0 0.000000 0 0 0 
2605889 18:1:13 0 0 5153 0.005822 3375 0.011852 3375 0 40 0 0 0 0.000000 0 0.000000 0 0 0 0 0 0 0.000000 0 0.000000 0 0 0 0 0 0 0.000000 0 0.000000 0 0 0 0 0 4101 0.009297 3134 0.009572 3134 1 30 0 0 0 0.000000 0 0.000000 0 0 0 0 0 0 0.000000 0 0.000000 0 0 0 0 0 0 0.000000 0 0.000000 0 0 0 0 0 2543 0.012471 2730 0.010989 2730 1 30 0 0 0 0.000000 0 0.000000 0 0 0 0 0 0 0.000000 0 0.000000 0 0 0 0 0 0 0.000000 0 0.000000 0 0 0 
2649032 6:0:16 1 5 5153 0.005822 3375 0.011852 3375 1 40 0 0 0 0.000000 0 0.000000 0 0 0 0 0 0 0.000000 0 0.000000 0 0 0 0 0 0 0.000000 0 0.000000 0 0 0 1 -4 4101 0.009297 3134 0.009572 3134 1 30 0 0 0 0.000000 0 0.000000 0 0 0 0 0 0 0.000000 0 0.000000 0 0 0 0 0 0 0.000000 0 0.000000 0 0 0 1 -5 2543 0.012471 2730 0.010989 2730 1 30 0 0 0 0.000000 0 0.000000 0 0 0 0 0 0 0.000000 0 0.000000 0 0 0 0 0 0 0.000000 0 0.000000 0 0 0 
2651256 6:37:20 0 5 5153 0.005822 3375 0.011852 3375 0 40 0 0 0 0.000000 0 0.000000 0 0 0 0 0 0 0.000000 0 0.000000 0 0 0 0 0 0 0.000000 0 0.000000 0 0 0 0 -4 4101 0.009297 3134 0.009572 3134 1 30 0 0 0 0.000000 0 0.000000 0 0 0 0 0 0 0.000000 0 0.000000 0 0 0 0 0 0 0.000000 0 0.000000 0 0 0 0 -5 2543 0.012471 2730 0.010989 2730 1 30 0 0 0 0.000000 0 0.000000 0 0 0 0 0 0 0.000000 0 0.000000 0 0 0 0 0 0 0.000000 0 0.000000 0 0 0 
2651256 6:37:20 0 0 5153 0.005822 3375 0.011852 3375 0 0 0 0 0 0.000000 0 0.000000 0 0 0 0 0 0 0.000000 0 0.000000 0 0 0 0 0 0 0.000000 0 0.000000 0 0 0 0 0 4101 0.009297 3134 0.009572 3134 1 0 0 0 0 0.000000 0 0.000000 0 0 0 0 0 0 0.000000 0 0.000000 0 0 0 0 0 0 0.000000 0 0.000000 0 0 0 0 0 2543 0.012471 2730 0.010989 2730 1 0 0 0 0 0.000000 0 0.000000 0 0 0 0 0 0 0.000000 0 0.000000 0 0 0 0 0 0 0.000000 0 0.000000 0 0 0 
2651256 6:37:20 0 0 5153 0.005822 3375 0.011852 3375 0 0 0 0 0 0.000000 0 0.000000 0 0 0 0 0 0 0.000000 0 0.000000 0 0 0 0 0 0 0.000000 0 0.000000 0 0 0 0 0 4101 0.009297 3134 0.009572 3134 1 0 0 0 0 0.000000 0 0.000000 0 0 0 0 0 0 0.000000 0 0.000000 0 0 0 0 0 0 0.000000 0 0.000000 0 0 0 0 0 2543 0.012471 2730 0.010989 2730 1 0 0 0 0 0.000000 0 0.000000 0 0 0 0 0 0 0.000000 0 0.000000 0 0 0 0 0 0 0.000000 0 0.000000 0 0 0 
2692303 18:1:27 0 0 5153 0.005822 3375 0.011852 3375 0 40 0 0 0 0.000000 0 0.000000 0 0 0 0 0 0 0.000000 0 0.000000 0 0 0 0 0 0 0.000000 0 0.000000 0 0 0 0 0 4101 0.009297 3134 0.009572 3134 1 30 0 0 0 0.000000 0 0.000000 0 0 0 0 0 0 0.000000 0 0.000000 0 0 0 0 0 0 0.000000 0 0.000000 0 0 0 0 0 2543 0.012471 2730 0.010989 2730 1 30 0 0 0 0.000000 0 0.000000 0 0 0 0 0 0 0.000000 0 0.000000 0 0 0 0 0 0 0.000000 0 0.000000 0 0 0 
2735452 6:0:36 1 -1 5153 0.005822 3375 0.011852 3375 1 40 0 0 0 0.000000 0 0.000000 0 0 0 0 0 0 0.000000 0 0.000000 0 0 0 0 0 0 0.000000 0 0.000000 0 0 0 1 -12 4101 0.009297 3134 0.009572 3134 1 30 0 0 0 0.000000 0 0.000000 0 0 0 0 0 0 0.000000 0 0.000000 0 0 0 0 0 0 0.000000 0 0.000000 0 0 0 1 -15 2543 0.012471 2730 0.010989 2730 1 30 0 0 0 0.000000 0 0.000000 0 0 0 0 0 0 0.000000 0 0.000000 0 0 0 0 0 0 0.000000 0 0.000000 0 0 0 
2735512 6:1:36 0 -1 5153 0.005822 3375 0.011852 3375 0 40 0 0 0 0.000000 0 0.000000 0 0 0 0 0 0 0.000000 0 0.000000 0 0 0 0 0 0 0.000000 0 0.000000 0 0 0 0 -12 4101 0.009297 3134 0.009572 3134 1 30 0 0 0 0.000000 0 0.000000 0 0 0 0 0 0 0.000000 0 0.000000 0 0 0 0 0 0 0.000000 0 0.000000 0 0 0 0 -15 2543 0.012471 2730 0.010989 2730 1 30 0 0 0 0.000000 0 0.000000 0 0 0 0 0 0 0.000000 0 0.000000 0 0 0 0 0 0 0.000000 0 0.000000 0 0 0 
2735512 6:1:36 0 0 5153 0.005822 3375 0.011852 3375 0 0 0 0 0 0.000000 0 0.000000 0 0 0 0 0 0 0.000000 0 0.000000 0 0 0 0 0 0 0.000000 0 0.000000 0 0 0 0 0 4101 0.009297 3134 0.009572 3134 1 0 0 0 0 0.000000 0 0.000000 0 0 0 0 0 0 0.000000 0 0.000000 0 0 0 0 0 0 0.000000 0 0.000000 0 0 0 0 0 2543 0.012471 2730 0.010989 2730 1 0 0 0 0 0.000000 0 0.000000 0 0 0 0 0 0 0.000000 0 0.000000 0 0 0 0 0 0 0.000000 0 0.000000 0 0 0 
2735512 6:1:36 0 0 5153 0.005822 3375 0.011852 3375 0 0 0 0 0 0.000000 0 0.000000 0 0 0 0 0 0 0.000000 0 0.000000 0 0 0 0 0 0 0.000000 0 0.000000 0 0 0 0 0 4101 0.009297 3134 0.009572 3134 1 0 0 0 0 0.000000 0 0.000000 0 0 0 0 0 0 0.000000 0 0.000000 0 0 0 0 0 0 0.000000 0 0.000000 0 0 0 0 0 2543 0.012471 2730 0.010989 2730 1 0 0 0 0 0.000000 0 0.000000 0 0 0 0 0 0 0.000000 0 0.000000 0 0 0 0 0 0 0.000000 0 0.000000 0 0 0 
2778724 18:1:48 0 0 5153 0.005822 3375 0.011852 3375 0 40 0 0 0 0.000000 0 0.000000 0 0 0 0 0 0 0.000000 0 0.000000 0 0 0 0 0 0 0.000000 0 0.000000 0 0 0 0 0 4101 0.009297 3134 0.009572 3134 1 30 0 0 0 0.000000 0 0.000000 0 0 0 0 0 0 0.000000 0 0.000000 0 0 0 0 0 0 0.000000 0 0.000000 0 0 0 0 0 2543 0.012471 2730 0.010989 2730 1 30 0 0 0 0.000000 0 0.000000 0 0 0 0 0 0 0.000000 0 0.000000 0 0 0 0 0 0 0.000000 0 0.000000 0 0 0 
2821866 6:0:50 1 -11 5153 0.005822 3375 0.011852 3375 1 40 0 0 0 0.000000 0 0.000000 0 0 0 0 0 0 0.000000 0 0.000000 0 0 0 0 0 0 0.000000 0 0.000000 0 0 0 1 -20 4101 0.009297 3134 0.009572 3134 1 30 0 0 0 0.000000 0 0.000000 0 0 0 0 0 0 0.000000 0 0.000000 0 0 0 0 0 0 0.000000 0 0.000000 0 0 0 1 -23 2543 0.012471 2730 0.010989 2730 1 30 0 0 0 0.000000 0 0.000000 0 0 0 0 0 0 0.000000 0 0.000000 0 0 0 0 0 0 0.000000 0 0.000000 0 0 0 
2821927 6:1:51 0 -11 5153 0.005822 3375 0.011852 3375 0 40 0 0 0 0.000000 0 0.000000 0 0 0 0 0 0 0.000000 0 0.000000 0 0 0 0 0 0 0.000000 0 0.000000 0 0 0 0 -20 4101 0.009297 3134 0.009572 3134 1 30 0 0 0 0.000000 0 0.000000 0 0 0 0 0 0 0.000000 0 0.000000 0 0 0 0 0 0 0.000000 0 0.000000 0 0 0 0 -23 2543 0.012471 2730 0.010989 2730 1 30 0 0 0 0.000000 0 0.000000 0 0 0 0 0 0 0.000000 0 0.000000 0 0 0 0 0 0 0.000000 0 0.000000 0 0 0 
2821927 6:1:51 0 0 5153 0.005822 3375 0.011852 3375 0 0 0 0 0 0.000000 0 0.000000 0 0 0 0 0 0 0.000000 0 0.000000 0 0 0 0 0 0 0.000000 0 0.000000 0 0 0 0 0 4101 0.009297 3134 0.009572 3134 1 0 0 0 0 0.000000 0 0.000000 0 0 0 0 0 0 0.000000 0 0.000000 0 0 0 0 0 0 0.000000 0 0.000000 0 0 0 0 0 2543 0.012471 2730 0.010989 2730 1 0 0 0 0 0.000000 0 0.000000 0 0 0 0 0 0 0.000000 0 0.000000 0 0 0 0 0 0 0.000000 0 0.000000 0 0 0 
2821927 6:1:51 0 0 5153 0.005822 3375 0.011852 3375 0 0 0 0 0 0.000000 0 0.000000 0 0 0 0 0 0 0.000000 0 0.000000 0 0 0 0 0 0 0.000000 0 0.000000 0 0 0 0 0 4101 0.009297 3134 0.009572 3134 1 0 0 0 0 0.000000 0 0.000000 0 0 0 0 0 0 0.000000 0 0.000000 0 0 0 0 0 0 0.000000 0 0.000000 0 0 0 0 0 2543 0.012471 2730 0.010989 2730 1 0 0 0 0 0.000000 0 0.000000 0 0 0 0 0 0 0.000000 0 0.000000 0 0 0 0 0 0 0.000000 0 0.000000 0 0 0 
