61917 7:21:41 1 1 0 1.00 1.00 1.00 1.00 1.00 1.00 1.00 1.00 4869 0 0.00 0.00 9 1 1 1 1 1.00 1.00 1.00 1.00 1.00 1.00 1.00 1.00 3006 0 0.00 0.00 9 1 1 1 1 1.00 1.00 1.00 1.00 1.00 1.00 1.00 1.00 2465 0 0.00 0.00 9 1 
61917 7:21:41 0 1 0 0.90 1.00 1.00 1.00 1.00 1.00 1.00 1.00 0 3006 1.00 0.00 1 1 0 1 1 1.00 1.00 1.00 1.00 1.00 1.00 1.00 1.00 0 3006 1.00 0.00 1 1 0 1 1 0.82 1.00 1.00 1.00 1.00 1.00 1.00 1.00 0 3006 1.00 0.00 1 1 
147396 7:6:20 1 1 0 0.90 1.00 1.00 1.00 1.00 1.00 1.00 1.00 3966 0 0.00 0.00 9 1 1 1 1 1.00 1.00 1.00 1.00 1.00 1.00 1.00 1.00 2764 0 0.00 0.00 9 1 1 1 1 0.82 1.00 1.00 1.00 0.91 1.00 1.00 1.00 3065 0 0.00 0.00 9 1 
147396 7:6:20 0 1 0 1.00 1.00 1.00 1.00 0.90 1.00 1.00 1.00 0 4458 0.90 0.10 0 1 0 1 1 0.80 1.00 1.00 1.00 1.00 1.00 1.00 1.00 0 4458 0.90 0.10 0 1 0 1 1 0.82 1.00 1.00 1.00 0.82 1.00 1.00 1.00 0 4458 0.90 0.10 0 1 
233227 6:56:51 0 1 0 1.00 1.00 1.00 1.00 1.00 1.00 1.00 1.00 0 0 0.00 0.00 9 1 0 1 1 0.80 1.00 1.00 1.00 0.80 1.00 1.00 1.00 0 0 0.00 0.00 9 1 0 1 1 0.82 1.00 1.00 1.00 0.82 1.00 1.00 1.00 0 0 0.00 0.00 9 1 
233227 6:56:51 0 1 0 1.00 1.00 1.00 1.00 1.00 1.00 1.00 1.00 0 4458 1.00 0.00 0 1 0 1 1 0.80 1.00 1.00 1.00 0.80 1.00 1.00 1.00 0 4458 1.00 0.00 0 1 0 1 1 0.82 1.00 1.00 1.00 0.82 1.00 1.00 1.00 0 4458 1.00 0.00 0 1 
318206 6:33:10 0 1 0 1.00 1.00 1.00 1.00 1.00 1.00 1.00 1.00 0 0 0.00 0.00 9 1 0 1 1 0.80 1.00 1.00 1.00 0.80 1.00 1.00 1.00 0 0 0.00 0.00 9 1 0 1 1 0.82 1.00 1.00 1.00 0.82 1.00 1.00 1.00 0 0 0.00 0.00 9 1 
318206 6:33:10 0 1 0 1.00 1.00 1.00 1.00 1.00 1.00 1.00 1.00 0 4458 1.00 0.00 0 1 0 1 1 0.80 1.00 1.00 1.00 0.80 1.00 1.00 1.00 0 4458 1.00 0.00 0 1 0 1 1 0.82 1.00 1.00 1.00 0.82 1.00 1.00 1.00 0 4458 1.00 0.00 0 1 
402690 6:1:14 0 1 0 1.00 1.00 1.00 1.00 1.00 1.00 1.00 1.00 0 0 0.00 0.00 9 1 0 1 0 0.80 1.00 1.00 1.00 0.80 1.00 1.00 1.00 0 0 0.00 0.00 9 1 0 1 0 0.82 1.00 1.00 1.00 0.82 1.00 1.00 1.00 0 0 0.00 0.00 9 1 
402690 6:1:14 0 1 0 1.00 1.00 1.00 1.00 1.00 1.00 1.00 1.00 0 4458 1.00 0.00 0 1 0 1 0 0.80 1.00 1.00 1.00 0.80 1.00 1.00 1.00 0 4458 1.00 0.00 0 1 0 1 0 0.82 1.00 1.00 1.00 0.82 1.00 1.00 1.00 0 4458 1.00 0.00 0 1 
489125 6:1:49 0 1 0 1.00 1.00 1.00 1.00 1.00 1.00 1.00 1.00 0 0 0.00 0.00 9 1 0 1 0 0.80 1.00 1.00 1.00 0.80 1.00 1.00 1.00 0 0 0.00 0.00 9 1 0 1 0 0.82 1.00 1.00 1.00 0.82 1.00 1.00 1.00 0 0 0.00 0.00 9 1 
489125 6:1:49 0 1 0 1.00 1.00 1.00 1.00 1.00 1.00 1.00 1.00 0 4458 1.00 0.00 0 1 0 1 0 0.80 1.00 1.00 1.00 0.80 1.00 1.00 1.00 0 4458 1.00 0.00 0 1 0 1 0 0.82 1.00 1.00 1.00 0.82 1.00 1.00 1.00 0 4458 1.00 0.00 0 1 
575524 6:1:48 0 1 0 1.00 1.00 1.00 1.00 1.00 1.00 1.00 1.00 0 0 0.00 0.00 9 1 0 1 0 0.80 1.00 1.00 1.00 0.80 1.00 1.00 1.00 0 0 0.00 0.00 9 1 0 1 0 0.82 1.00 1.00 1.00 0.82 1.00 1.00 1.00 0 0 0.00 0.00 9 1 
575524 6:1:48 0 1 0 1.00 1.00 1.00 1.00 1.00 1.00 1.00 1.00 0 4458 1.00 0.00 0 1 0 1 0 0.80 1.00 1.00 1.00 0.80 1.00 1.00 1.00 0 4458 1.00 0.00 0 1 0 1 0 0.82 1.00 1.00 1.00 0.82 1.00 1.00 1.00 0 4458 1.00 0.00 0 1 
661908 6:1:32 0 1 0 1.00 1.00 1.00 1.00 1.00 1.00 1.00 1.00 0 0 0.00 0.00 9 1 0 1 0 0.80 1.00 1.00 1.00 0.80 1.00 1.00 1.00 0 0 0.00 0.00 9 1 0 1 0 0.82 1.00 1.00 1.00 0.82 1.00 1.00 1.00 0 0 0.00 0.00 9 1 
661908 6:1:32 0 1 0 1.00 1.00 1.00 1.00 1.00 1.00 1.00 1.00 0 4458 1.00 0.00 0 1 0 1 0 0.80 1.00 1.00 1.00 0.80 1.00 1.00 1.00 0 4458 1.00 0.00 0 1 0 1 0 0.82 1.00 1.00 1.00 0.82 1.00 1.00 1.00 0 4458 1.00 0.00 0 1 
748333 6:1:57 0 1 0 1.00 1.00 1.00 1.00 1.00 1.00 1.00 1.00 0 0 0.00 0.00 9 1 0 1 0 0.80 1.00 1.00 1.00 0.80 1.00 1.00 1.00 0 0 0.00 0.00 9 1 0 1 0 0.82 1.00 1.00 1.00 0.82 1.00 1.00 1.00 0 0 0.00 0.00 9 1 
748333 6:1:57 0 1 0 1.00 1.00 1.00 1.00 1.00 1.00 1.00 1.00 0 4458 1.00 0.00 0 1 0 1 0 0.80 1.00 1.00 1.00 0.80 1.00 1.00 1.00 0 4458 1.00 0.00 0 1 0 1 0 0.82 1.00 1.00 1.00 0.82 1.00 1.00 1.00 0 4458 1.00 0.00 0 1 
834679 6:1:3 0 1 0 1.00 1.00 1.00 1.00 1.00 1.00 1.00 1.00 0 0 0.00 0.00 9 1 0 1 0 0.80 1.00 1.00 1.00 0.80 1.00 1.00 1.00 0 0 0.00 0.00 9 1 0 1 0 0.82 1.00 1.00 1.00 0.82 1.00 1.00 1.00 0 0 0.00 0.00 9 1 
834679 6:1:3 0 1 0 1.00 1.00 1.00 1.00 1.00 1.00 1.00 1.00 0 4458 1.00 0.00 0 1 0 1 0 0.80 1.00 1.00 1.00 0.80 1.00 1.00 1.00 0 4458 1.00 0.00 0 1 0 1 0 0.82 1.00 1.00 1.00 0.82 1.00 1.00 1.00 0 4458 1.00 0.00 0 1 
921080 6:1:4 0 1 0 1.00 1.00 1.00 1.00 1.00 1.00 1.00 1.00 0 0 0.00 0.00 9 1 0 1 0 0.80 1.00 1.00 1.00 0.80 1.00 1.00 1.00 0 0 0.00 0.00 9 1 0 1 0 0.82 1.00 1.00 1.00 0.82 1.00 1.00 1.00 0 0 0.00 0.00 9 1 
921080 6:1:4 0 1 0 1.00 1.00 1.00 1.00 1.00 1.00 1.00 1.00 0 4458 1.00 0.00 0 1 0 1 0 0.80 1.00 1.00 1.00 0.80 1.00 1.00 1.00 0 4458 1.00 0.00 0 1 0 1 0 0.82 1.00 1.00 1.00 0.82 1.00 1.00 1.00 0 4458 1.00 0.00 0 1 
1007522 6:1:46 0 1 0 1.00 1.00 1.00 1.00 1.00 1.00 1.00 1.00 0 0 0.00 0.00 9 1 0 1 0 0.80 1.00 1.00 1.00 0.80 1.00 1.00 1.00 0 0 0.00 0.00 9 1 0 1 0 0.82 1.00 1.00 1.00 0.82 1.00 1.00 1.00 0 0 0.00 0.00 9 1 
1007522 6:1:46 0 1 0 1.00 1.00 1.00 1.00 1.00 1.00 1.00 1.00 0 4458 1.00 0.00 0 1 0 1 0 0.80 1.00 1.00 1.00 0.80 1.00 1.00 1.00 0 4458 1.00 0.00 0 1 0 1 0 0.82 1.00 1.00 1.00 0.82 1.00 1.00 1.00 0 4458 1.00 0.00 0 1 
1093892 6:1:16 0 1 0 1.00 1.00 1.00 1.00 1.00 1.00 1.00 1.00 0 0 0.00 0.00 9 1 0 1 0 0.80 1.00 1.00 1.00 0.80 1.00 1.00 1.00 0 0 0.00 0.00 9 1 0 1 0 0.82 1.00 1.00 1.00 0.82 1.00 1.00 1.00 0 0 0.00 0.00 9 1 
1093892 6:1:16 0 1 0 1.00 1.00 1.00 1.00 1.00 1.00 1.00 1.00 0 4458 1.00 0.00 0 1 0 1 0 0.80 1.00 1.00 1.00 0.80 1.00 1.00 1.00 0 4458 1.00 0.00 0 1 0 1 0 0.82 1.00 1.00 1.00 0.82 1.00 1.00 1.00 0 4458 1.00 0.00 0 1 
1180288 6:1:12 0 1 0 1.00 1.00 1.00 1.00 1.00 1.00 1.00 1.00 0 0 0.00 0.00 9 1 0 1 0 0.80 1.00 1.00 1.00 0.80 1.00 1.00 1.00 0 0 0.00 0.00 9 1 0 1 0 0.82 1.00 1.00 1.00 0.82 1.00 1.00 1.00 0 0 0.00 0.00 9 1 
1180288 6:1:12 0 1 0 1.00 1.00 1.00 1.00 1.00 1.00 1.00 1.00 0 4458 1.00 0.00 0 1 0 1 0 0.80 1.00 1.00 1.00 0.80 1.00 1.00 1.00 0 4458 1.00 0.00 0 1 0 1 0 0.82 1.00 1.00 1.00 0.82 1.00 1.00 1.00 0 4458 1.00 0.00 0 1 
1266714 6:1:38 0 1 0 1.00 1.00 1.00 1.00 1.00 1.00 1.00 1.00 0 0 0.00 0.00 9 1 0 1 0 0.80 1.00 1.00 1.00 0.80 1.00 1.00 1.00 0 0 0.00 0.00 9 1 0 1 0 0.82 1.00 1.00 1.00 0.82 1.00 1.00 1.00 0 0 0.00 0.00 9 1 
1266714 6:1:38 0 1 0 1.00 1.00 1.00 1.00 1.00 1.00 1.00 1.00 0 4458 1.00 0.00 0 1 0 1 0 0.80 1.00 1.00 1.00 0.80 1.00 1.00 1.00 0 4458 1.00 0.00 0 1 0 1 0 0.82 1.00 1.00 1.00 0.82 1.00 1.00 1.00 0 4458 1.00 0.00 0 1 
1353135 6:1:59 0 1 0 1.00 1.00 1.00 1.00 1.00 1.00 1.00 1.00 0 0 0.00 0.00 9 1 0 1 0 0.80 1.00 1.00 1.00 0.80 1.00 1.00 1.00 0 0 0.00 0.00 9 1 0 1 0 0.82 1.00 1.00 1.00 0.82 1.00 1.00 1.00 0 0 0.00 0.00 9 1 
1353135 6:1:59 0 1 0 1.00 1.00 1.00 1.00 1.00 1.00 1.00 1.00 0 4458 1.00 0.00 0 1 0 1 0 0.80 1.00 1.00 1.00 0.80 1.00 1.00 1.00 0 4458 1.00 0.00 0 1 0 1 0 0.82 1.00 1.00 1.00 0.82 1.00 1.00 1.00 0 4458 1.00 0.00 0 1 
1439533 6:1:57 0 1 0 1.00 1.00 1.00 1.00 1.00 1.00 1.00 1.00 0 0 0.00 0.00 9 1 0 1 0 0.80 1.00 1.00 1.00 0.80 1.00 1.00 1.00 0 0 0.00 0.00 9 1 0 1 0 0.82 1.00 1.00 1.00 0.82 1.00 1.00 1.00 0 0 0.00 0.00 9 1 
1439533 6:1:57 0 1 0 1.00 1.00 1.00 1.00 1.00 1.00 1.00 1.00 0 4458 1.00 0.00 0 1 0 1 0 0.80 1.00 1.00 1.00 0.80 1.00 1.00 1.00 0 4458 1.00 0.00 0 1 0 1 0 0.82 1.00 1.00 1.00 0.82 1.00 1.00 1.00 0 4458 1.00 0.00 0 1 
1525894 6:1:18 0 1 0 1.00 1.00 1.00 1.00 1.00 1.00 1.00 1.00 0 0 0.00 0.00 9 1 0 1 0 0.80 1.00 1.00 1.00 0.80 1.00 1.00 1.00 0 0 0.00 0.00 9 1 0 1 0 0.82 1.00 1.00 1.00 0.82 1.00 1.00 1.00 0 0 0.00 0.00 9 1 
1525894 6:1:18 0 1 0 1.00 1.00 1.00 1.00 1.00 1.00 1.00 1.00 0 4458 1.00 0.00 0 1 0 1 0 0.80 1.00 1.00 1.00 0.80 1.00 1.00 1.00 0 4458 1.00 0.00 0 1 0 1 0 0.82 1.00 1.00 1.00 0.82 1.00 1.00 1.00 0 4458 1.00 0.00 0 1 
1612278 6:1:2 0 1 0 1.00 1.00 1.00 1.00 1.00 1.00 1.00 1.00 0 0 0.00 0.00 9 1 0 1 0 0.80 1.00 1.00 1.00 0.80 1.00 1.00 1.00 0 0 0.00 0.00 9 1 0 1 0 0.82 1.00 1.00 1.00 0.82 1.00 1.00 1.00 0 0 0.00 0.00 9 1 
1612278 6:1:2 0 1 0 1.00 1.00 1.00 1.00 1.00 1.00 1.00 1.00 0 4458 1.00 0.00 0 1 0 1 0 0.80 1.00 1.00 1.00 0.80 1.00 1.00 1.00 0 4458 1.00 0.00 0 1 0 1 0 0.82 1.00 1.00 1.00 0.82 1.00 1.00 1.00 0 4458 1.00 0.00 0 1 
1698721 6:1:45 0 1 0 1.00 1.00 1.00 1.00 1.00 1.00 1.00 1.00 0 0 0.00 0.00 9 1 0 1 0 0.80 1.00 1.00 1.00 0.80 1.00 1.00 1.00 0 0 0.00 0.00 9 1 0 1 0 0.82 1.00 1.00 1.00 0.82 1.00 1.00 1.00 0 0 0.00 0.00 9 1 
1698721 6:1:45 0 1 0 1.00 1.00 1.00 1.00 1.00 1.00 1.00 1.00 0 4458 1.00 0.00 0 1 0 1 0 0.80 1.00 1.00 1.00 0.80 1.00 1.00 1.00 0 4458 1.00 0.00 0 1 0 1 0 0.82 1.00 1.00 1.00 0.82 1.00 1.00 1.00 0 4458 1.00 0.00 0 1 
1785086 6:1:10 0 1 0 1.00 1.00 1.00 1.00 1.00 1.00 1.00 1.00 0 0 0.00 0.00 9 1 0 1 0 0.80 1.00 1.00 1.00 0.80 1.00 1.00 1.00 0 0 0.00 0.00 9 1 0 1 0 0.82 1.00 1.00 1.00 0.82 1.00 1.00 1.00 0 0 0.00 0.00 9 1 
1785086 6:1:10 0 1 0 1.00 1.00 1.00 1.00 1.00 1.00 1.00 1.00 0 4458 1.00 0.00 0 1 0 1 0 0.80 1.00 1.00 1.00 0.80 1.00 1.00 1.00 0 4458 1.00 0.00 0 1 0 1 0 0.82 1.00 1.00 1.00 0.82 1.00 1.00 1.00 0 4458 1.00 0.00 0 1 
1873476 6:34:20 0 1 0 1.00 1.00 1.00 1.00 1.00 1.00 1.00 1.00 0 0 0.00 0.00 9 1 0 1 1 0.80 1.00 1.00 1.00 0.80 1.00 1.00 1.00 0 0 0.00 0.00 9 1 0 1 1 0.82 1.00 1.00 1.00 0.82 1.00 1.00 1.00 0 0 0.00 0.00 9 1 
1873476 6:34:20 0 1 0 1.00 1.00 1.00 1.00 1.00 1.00 1.00 1.00 0 4458 1.00 0.00 0 1 0 1 1 0.80 1.00 1.00 1.00 0.80 1.00 1.00 1.00 0 4458 1.00 0.00 0 1 0 1 1 0.82 1.00 1.00 1.00 0.82 1.00 1.00 1.00 0 4458 1.00 0.00 0 1 
1959595 6:29:39 0 1 0 1.00 1.00 1.00 1.00 1.00 1.00 1.00 1.00 0 0 0.00 0.00 9 1 0 1 1 0.80 1.00 1.00 1.00 0.80 1.00 1.00 1.00 0 0 0.00 0.00 9 1 0 1 1 0.82 1.00 1.00 1.00 0.82 1.00 1.00 1.00 0 0 0.00 0.00 9 1 
1959595 6:29:39 0 1 0 1.00 1.00 1.00 1.00 1.00 1.00 1.00 1.00 0 4458 1.00 0.00 0 1 0 1 1 0.80 1.00 1.00 1.00 0.80 1.00 1.00 1.00 0 4458 1.00 0.00 0 1 0 1 1 0.82 1.00 1.00 1.00 0.82 1.00 1.00 1.00 0 4458 1.00 0.00 0 1 
2044324 6:1:48 0 1 0 1.00 1.00 1.00 1.00 1.00 1.00 1.00 1.00 0 0 0.00 0.00 9 1 0 1 0 0.80 1.00 1.00 1.00 0.80 1.00 1.00 1.00 0 0 0.00 0.00 9 1 0 1 0 0.82 1.00 1.00 1.00 0.82 1.00 1.00 1.00 0 0 0.00 0.00 9 1 
2044324 6:1:48 0 1 0 1.00 1.00 1.00 1.00 1.00 1.00 1.00 1.00 0 4458 1.00 0.00 0 1 0 1 0 0.80 1.00 1.00 1.00 0.80 1.00 1.00 1.00 0 4458 1.00 0.00 0 1 0 1 0 0.82 1.00 1.00 1.00 0.82 1.00 1.00 1.00 0 4458 1.00 0.00 0 1 
2130690 6:1:14 0 1 0 1.00 1.00 1.00 1.00 1.00 1.00 1.00 1.00 0 0 0.00 0.00 9 1 0 1 0 0.80 1.00 1.00 1.00 0.80 1.00 1.00 1.00 0 0 0.00 0.00 9 1 0 1 0 0.82 1.00 1.00 1.00 0.82 1.00 1.00 1.00 0 0 0.00 0.00 9 1 
2130690 6:1:14 0 1 0 1.00 1.00 1.00 1.00 1.00 1.00 1.00 1.00 0 4458 1.00 0.00 0 1 0 1 0 0.80 1.00 1.00 1.00 0.80 1.00 1.00 1.00 0 4458 1.00 0.00 0 1 0 1 0 0.82 1.00 1.00 1.00 0.82 1.00 1.00 1.00 0 4458 1.00 0.00 0 1 
2217111 6:1:35 0 1 0 1.00 1.00 1.00 1.00 1.00 1.00 1.00 1.00 0 0 0.00 0.00 9 1 0 1 0 0.80 1.00 1.00 1.00 0.80 1.00 1.00 1.00 0 0 0.00 0.00 9 1 0 1 0 0.82 1.00 1.00 1.00 0.82 1.00 1.00 1.00 0 0 0.00 0.00 9 1 
2217111 6:1:35 0 1 0 1.00 1.00 1.00 1.00 1.00 1.00 1.00 1.00 0 4458 1.00 0.00 0 1 0 1 0 0.80 1.00 1.00 1.00 0.80 1.00 1.00 1.00 0 4458 1.00 0.00 0 1 0 1 0 0.82 1.00 1.00 1.00 0.82 1.00 1.00 1.00 0 4458 1.00 0.00 0 1 
2303519 6:1:43 0 1 0 1.00 1.00 1.00 1.00 1.00 1.00 1.00 1.00 0 0 0.00 0.00 9 1 0 1 0 0.80 1.00 1.00 1.00 0.80 1.00 1.00 1.00 0 0 0.00 0.00 9 1 0 1 0 0.82 1.00 1.00 1.00 0.82 1.00 1.00 1.00 0 0 0.00 0.00 9 1 
2303519 6:1:43 0 1 0 1.00 1.00 1.00 1.00 1.00 1.00 1.00 1.00 0 4458 1.00 0.00 0 1 0 1 0 0.80 1.00 1.00 1.00 0.80 1.00 1.00 1.00 0 4458 1.00 0.00 0 1 0 1 0 0.82 1.00 1.00 1.00 0.82 1.00 1.00 1.00 0 4458 1.00 0.00 0 1 
2393122 6:55:6 0 1 0 1.00 1.00 1.00 1.00 1.00 1.00 1.00 1.00 0 0 0.00 0.00 9 1 0 1 1 0.80 1.00 1.00 1.00 0.80 1.00 1.00 1.00 0 0 0.00 0.00 9 1 0 1 1 0.82 1.00 1.00 1.00 0.82 1.00 1.00 1.00 0 0 0.00 0.00 9 1 
2393122 6:55:6 0 1 0 1.00 1.00 1.00 1.00 1.00 1.00 1.00 1.00 0 4458 1.00 0.00 0 1 0 1 1 0.80 1.00 1.00 1.00 0.80 1.00 1.00 1.00 0 4458 1.00 0.00 0 1 0 1 1 0.82 1.00 1.00 1.00 0.82 1.00 1.00 1.00 0 4458 1.00 0.00 0 1 
2479440 6:53:44 1 1 0 1.00 1.00 1.00 1.00 1.00 1.00 1.00 1.00 3186 0 0.00 0.00 9 1 0 1 1 0.80 1.00 1.00 1.00 0.80 1.00 1.00 1.00 0 0 0.00 0.00 9 1 1 1 1 0.82 1.00 1.00 1.00 0.82 1.00 1.00 1.00 1684 0 0.00 0.00 9 1 
2479440 6:53:44 0 1 0 1.00 1.00 1.00 1.00 1.00 1.00 1.00 1.00 0 5153 1.00 0.00 0 1 0 1 1 0.80 1.00 1.00 1.00 0.80 1.00 1.00 1.00 0 5153 1.00 0.00 0 1 0 1 1 0.49 1.00 1.00 1.00 0.82 1.00 1.00 1.00 0 5153 1.00 0.00 0 1 
2565742 6:52:6 0 1 0 1.00 1.00 1.00 1.00 1.00 1.00 1.00 1.00 0 0 0.00 0.00 9 1 0 1 1 0.80 1.00 1.00 1.00 0.80 1.00 1.00 1.00 0 0 0.00 0.00 9 1 0 1 1 0.49 1.00 1.00 1.00 0.49 1.00 1.00 1.00 0 0 0.00 0.00 9 1 
2565742 6:52:6 0 1 0 1.00 1.00 1.00 1.00 1.00 1.00 1.00 1.00 0 5153 1.00 0.00 0 1 0 1 1 0.80 1.00 1.00 1.00 0.80 1.00 1.00 1.00 0 5153 1.00 0.00 0 1 0 1 1 0.49 1.00 1.00 1.00 0.49 1.00 1.00 1.00 0 5153 1.00 0.00 0 1 
2651256 6:37:20 0 1 0 1.00 1.00 1.00 1.00 1.00 1.00 1.00 1.00 0 0 0.00 0.00 9 1 0 1 1 0.80 1.00 1.00 1.00 0.80 1.00 1.00 1.00 0 0 0.00 0.00 9 1 0 1 1 0.49 1.00 1.00 1.00 0.49 1.00 1.00 1.00 0 0 0.00 0.00 9 1 
2651256 6:37:20 0 1 0 1.00 1.00 1.00 1.00 1.00 1.00 1.00 1.00 0 5153 1.00 0.00 0 1 0 1 1 0.80 1.00 1.00 1.00 0.80 1.00 1.00 1.00 0 5153 1.00 0.00 0 1 0 1 1 0.49 1.00 1.00 1.00 0.49 1.00 1.00 1.00 0 5153 1.00 0.00 0 1 
2735512 6:1:36 0 1 0 1.00 1.00 1.00 1.00 1.00 1.00 1.00 1.00 0 0 0.00 0.00 9 1 0 1 0 0.80 1.00 1.00 1.00 0.80 1.00 1.00 1.00 0 0 0.00 0.00 9 1 0 1 0 0.49 1.00 1.00 1.00 0.49 1.00 1.00 1.00 0 0 0.00 0.00 9 1 
2735512 6:1:36 0 1 0 1.00 1.00 1.00 1.00 1.00 1.00 1.00 1.00 0 5153 1.00 0.00 0 1 0 1 0 0.80 1.00 1.00 1.00 0.80 1.00 1.00 1.00 0 5153 1.00 0.00 0 1 0 1 0 0.49 1.00 1.00 1.00 0.49 1.00 1.00 1.00 0 5153 1.00 0.00 0 1 
2821927 6:1:51 0 1 0 1.00 1.00 1.00 1.00 1.00 1.00 1.00 1.00 0 0 0.00 0.00 9 1 0 1 0 0.80 1.00 1.00 1.00 0.80 1.00 1.00 1.00 0 0 0.00 0.00 9 1 0 1 0 0.49 1.00 1.00 1.00 0.49 1.00 1.00 1.00 0 0 0.00 0.00 9 1 
2821927 6:1:51 0 1 0 1.00 1.00 1.00 1.00 1.00 1.00 1.00 1.00 0 5153 1.00 0.00 0 1 0 1 0 0.80 1.00 1.00 1.00 0.80 1.00 1.00 1.00 0 5153 1.00 0.00 0 1 0 1 0 0.49 1.00 1.00 1.00 0.49 1.00 1.00 1.00 0 5153 1.00 0.00 0 1 
